#r #un1 #un2l0 #un2l1 #urealn1 #urealn2l0 #urealn2l1
0.001 5.88821364520607E-05 -4.76473053554384E-06 -9.61630098998842E-07 0.00199800099966675 0.000706399939511488 2.04022108670582E-07
0.051 0.000412031409190077 -3.33490820002685E-05 0.00480141982787179 0.0969284243943076 0.0342580400248109 0.000517559425419143
0.101 0.000804571446246699 -6.51747324799126E-05 0.000840866383154395 0.182594472642945 0.064471752222284 0.00197972676859764
0.151 0.00123498032626035 -0.000100171706282551 -0.00349085920090997 0.25967400499508 0.0915334078153398 0.00431577743858657
0.201 0.00170327189445857 -0.000138400862203155 -0.00716997115466625 0.328800797484652 0.115620709970631 0.00745830086332037
0.251 0.00220978108432183 -0.00017995571566625 -0.0101345457899106 0.390567230522597 0.136903509070417 0.0113432594233946
0.301 0.00275492269695155 -0.000224943072101406 -0.0124888511101917 0.445526819193518 0.155544106828469 0.0159098487442209
0.351 0.00333911104938974 -0.000273476685448707 -0.0143517329670084 0.494196595206646 0.171697549566593 0.0211003631825206
0.401 0.00396272482546056 -0.000325674571657718 -0.0158255061671986 0.537059348952424 0.185511911016655 0.0268600663271435
0.451 0.00462608859616574 -0.000381657663615836 -0.016992284396621 0.57456573964454 0.197128565001253 0.0331370663401327
0.501 0.00532946165763481 -0.000441549048146833 -0.01791660399222 0.607136281081622 0.206682448334708 0.0398821959697066
0.551 0.0060730305167974 -0.00050547348642462 -0.018648975141211 0.635163210141663 0.214302314275058 0.0470488970723949
0.601 0.00685690339206273 -0.00057355708443782 -0.0192290249391771 0.65901224472431 0.220110976846963 0.0545931094869517
0.651 0.00768110593228626 -0.00064592704803596 -0.0196879995617893 0.679024237480045 0.224225546345104 0.0624731641078876
0.701 0.0085455777370208 -0.000722711487964767 -0.0200506853318898 0.695516731309932 0.226757656317585 0.0706496800115107
0.751 0.00945016944773805 -0.000804039255505235 -0.0203368664778328 0.708785422283849 0.227813682319115 0.0790854654922562
0.801 0.0103946402775077 -0.000890039797318689 -0.0205624298797047 0.719105535307833 0.22749495271433 0.0877454228718171
0.851 0.0113786559005755 -0.000980843022524643 -0.0207402052124086 0.72673311757145 0.225897951802475 0.0965964569481681
0.901 0.012401786654336 -0.00107657917760129 -0.0208806075325254 0.731906254522895 0.223114515525832 0.105607386956011
0.951 0.0134635060246969 -0.00117737872624112 -0.0209921320757225 0.734846212851998 0.219232020015695 0.114748861914457
1.001 0.0145631893971658 -0.00128337223225406 -0.0210817379520772 0.735758514708605 0.214333563221433 0.123993279241931
1.051 0.0157001130630674 -0.00139469024422517 -0.0211551477897539 0.734833947145027 0.208498139860112 0.13331470652227
1.101 0.0168734534747878 -0.00151146318103844 -0.0212170833477883 0.732249510545798 0.201800809916388 0.142688806309933
1.151 0.0180822867467871 -0.00163382121764978 -0.0212714520000459 0.728169309594939 0.194312860914857 0.152092763865943
1.201 0.0193255884009123 -0.00176189417067946 -0.0213214952558285 0.722745390129797 0.186101964179739 0.16150521771988
1.251 0.0206022333556365 -0.00189581138352502 -0.0213699077416971 0.71611852504051 0.177232325289696 0.170906192956744
1.301 0.021910996159468 -0.00203570161078908 -0.0214189330462986 0.708418952194731 0.167764828928799 0.180277037130922
1.351 0.023250551469065 -0.00218169290188437 -0.021470441327156 0.69976706719781 0.157757178327967 0.189600358712802
1.401 0.0246194747726579 -0.00233391248372801 -0.0215259924540749 0.690274073638631 0.147264029484833 0.198859967976777
1.451 0.0260162433592773 -0.00249248664247471 -0.0215868876168024 0.680042593320215 0.136337120343783 0.208040820242463
1.501 0.0274392375340687 -0.00265754060426701 -0.0216542116820533 0.66916723883158 0.125025395111876 0.217128961383957
1.551 0.0288867420796636 -0.00282919841500234 -0.0217288680943334 0.657735150682649 0.113375123880558 0.226111475524845
1.601 0.0303569479632055 -0.0030075828191343 -0.0218116077378295 0.645826501096875 0.101430017717451 0.234976434839497
1.651 0.0318479542882032 -0.00319281513753878 -0.0219030528849048 0.633514966436198 0.0892313393870128 0.243712851383856
1.701 0.0333577704899231 -0.00338501514448693 -0.0220037171297445 0.620868170119695 0.0768180098536295 0.252310630881589
1.751 0.0348843187725442 -0.00358430094377552 -0.0221140220280413 0.60794809779027 0.0642267107155517 0.260760528393975
1.801 0.0364254367857845 -0.00379078884407324 -0.022234311023824 0.594811486382869 0.0514919827131605 0.269054105804381
1.851 0.0379788805381832 -0.00400459323354706 -0.0223648611339452 0.58151018865236 0.0386463204502542 0.277183691050532
1.901 0.0395423275436839 -0.00422582645383881 -0.0225058927728345 0.568091514629366 0.0257202634624087 0.285142339040083
1.951 0.0411133801976153 -0.00445459867346605 -0.022657578029898 0.554598551387457 0.0127424837619829 0.292923794187233
2.001 0.0426895693776189 -0.00469101776072568 -0.0228200476555917 0.541070462425067 -0.000260130015005997 0.300522454510248
2.051 0.0442683582645161 -0.00493518915618213 -0.0229933969667796 0.527542767889953 -0.0132623917391126 0.307933337231848
2.101 0.0458471463775598 -0.00518721574482505 -0.0231776908452322 0.514047606802728 -0.0262407400778419 0.31515204582643
2.151 0.0474232738179622 -0.00544719772798413 -0.023372967973255 0.500613982368767 -0.039173163833158 0.322174738460018
2.201 0.0489940257140499 -0.00571523249509139 -0.0235792444260791 0.487267991404362 -0.0520391302169108 0.328998097770744
2.251 0.0505566368608586 -0.00599141449538321 -0.0237965167207094 0.474033038843125 -0.0648195159586556 0.335619301939432
2.301 0.0521082965464519 -0.00627583510963681 -0.0240247644045468 0.46093003823225 -0.077496541143911 0.342035997001678
2.351 0.0536461535567292 -0.00656858252203744 -0.024263952253607 0.447977599074958 -0.0900537056843454 0.34824627035445
2.401 0.0551673213499845 -0.00686974159227441 -0.0245140321389985 0.435192201825282 -0.10247572832473 0.354248625411921
2.451 0.0566688833919805 -0.0071793937279657 -0.0247749446110719 0.422588361293991 -0.114748488094723 0.360041957366824
2.501 0.0581478986418306 -0.00749761675751221 -0.0250466202429571 0.410178779179792 -0.12685896811667 0.36562553001514
2.551 0.0596014071785129 -0.00782448480348406 -0.0253289807687885 0.397974486397897 -0.138795201683656 0.370998953603425
2.601 0.0610264359574039 -0.00816006815664272 -0.025621940046553 0.385984975838292 -0.15054622052493 0.376162163659522
2.651 0.0624200046857888 -0.00850443315070343 -0.0259254048709969 0.3742183261487 -0.162102005178689 0.381115400768779
2.701 0.0637791318059044 -0.00885764203794392 -0.0262392756582499 0.362681317101906 -0.17345343739494 0.385859191259238
2.751 0.0651008405736877 -0.00921975286576575 -0.0265634470206368 0.351379537073885 -0.184592254493792 0.390394328760554
2.801 0.0663821652210405 -0.00959081935431578 -0.0268978082474648 0.340317483127868 -0.195511005607101 0.394721856602672
2.851 0.0676201571890876 -0.00997089077527579 -0.0272422437052961 0.329498654169902 -0.206203009733894 0.398843051021465
2.901 0.0688118914195916 -0.0103600118319289 -0.0275966331692893 0.318925637613675 -0.216662315542348 0.402759405139741
2.951 0.0699544726914045 -0.0107582225406117 -0.0279608520955559 0.308600189966141 -0.226883662853459 0.406472613693147
3.001 0.0710450419885739 -0.0111655581136622 -0.0283347718430847 0.298523311720776 -0.236862445743761 0.40998455847156
3.051 0.0720807828864949 -0.0115820488439726 -0.0287182598525966 0.288695316922033 -0.246594677206636 0.413297294447675
3.101 0.0730589279422922 -0.0120077199912577 -0.0291111797886799 0.279115897742623 -0.256076955313831 0.416413036565444
3.151 0.0739767650754471 -0.0124425916701484 -0.0295133916506869 0.269784184394625 -0.265306430820847 0.419334147162068
3.201 0.0748316439245374 -0.0128866787402212 -0.0299247518571275 0.260698800675964 -0.274280776161831 0.422063123998155
3.251 0.0756209821658488 -0.0133399906980736 -0.0303451133076596 0.251857915435476 -0.282998155781472 0.424602588871601
3.301 0.0763422717795326 -0.0138025315715544 -0.0307743254262236 0.243259290222565 -0.291457197753258 0.426955276791623
3.351 0.0769930852489366 -0.0142742998162604 -0.0312122341883991 0.234900323371171 -0.299656966635221 0.42912402569024
3.401 0.0775710816787172 -0.0147552882144075 -0.0316586821356537 0.226778090752534 -0.307596937516012 0.431111766649328
3.451 0.0780740128173557 -0.0152454837761854 -0.0321135083788008 0.218889383416826 -0.315276971205782 0.432921514622168
3.501 0.0784997289697519 -0.0157448676437043 -0.0325765485926825 0.211230742330159 -0.322697290527997 0.434556359629187
3.551 0.0788461847856437 -0.0162534149976423 -0.0330476350038285 0.203798490400788 -0.329858457669803 0.436019458408325
3.601 0.0791114449097223 -0.0167710949666987 -0.0335265963726153 0.196588761976271 -0.336761352550113 0.437314026501212
3.651 0.079293689479452 -0.0172978705399607 -0.034013257971254 0.189597529982117 -0.343407152165981 0.438443330756994
3.701 0.079391219456791 -0.0178336984822892 -0.03450744155876 0.182820630861797 -0.349797310879273 0.439410682236351
3.751 0.0794024617802173 -0.0183785292528267 -0.0350089653539135 0.176253787468036 -0.355933541606968 0.440219429498893
3.801 0.0793259743237125 -0.0189323069267314 -0.0355176440070876 0.169892630045887 -0.361817797879739 0.440872952257729
3.851 0.0791604506496358 -0.0194949691202392 -0.0360332885717069 0.163732715439288 -0.367452256734716 0.441374655385638
3.901 0.0789047245427302 -0.020066446919155 -0.0365557064760053 0.157769544644448 -0.372839302409584 0.441727963257826
3.951 0.0785577743128455 -0.0206466648108712 -0.0370847014956616 0.151998578825653 -0.377981510806298 0.441936314416837
4.001 0.0781187268543397 -0.0212355406200135 -0.0376200737278187 0.146415253901714 -0.382881634693894 0.442003156545724
4.051 0.0775868614505234 -0.0218329854478077 -0.0381616195669266 0.141014993804367 -0.387542589620914 0.44193194173611
4.101 0.0769616133119482 -0.0224389036152648 -0.0387091316827927 0.135793222503493 -0.39196744050909 0.441726122038271
4.151 0.0762425768378056 -0.0230531926102748 -0.0392623990011694 0.13074537488789 -0.396159388900907 0.441389145280874
4.201 0.0754295085901956 -0.0236757430387033 -0.0398212066871707 0.125866906584633 -0.400121760834689 0.440924451148465
4.251 0.0745223299715482 -0.0243064385795761 -0.0403853361317645 0.121153302794668 -0.403857995321796 0.440335467505266
4.301 0.0735211295960264 -0.0249451559444431 -0.0409545649415594 0.116600086217254 -0.407371633401455 0.439625606954263
4.351 0.0724261653463168 -0.0255917648410037 -0.0415286669320687 0.112202824131087 -0.410666307749635 0.438798263621012
4.401 0.071237866107812 -0.0262461279410773 -0.0421074121246148 0.107957134695548 -0.413745732819248 0.43785681015199
4.451 0.0699568331728122 -0.0269081008529996 -0.042690566747007 0.103858692531269 -0.416613695489785 0.436804594917702
4.501 0.0685838413080191 -0.0275775320985235 -0.0432778932381115 0.0999032336353503 -0.419274046205303 0.435644939411152
4.551 0.0671198394792629 -0.0282542630942984 -0.0438691502564095 0.0960865596828457 -0.421730690580473 0.434381135832643
4.601 0.0655659512280896 -0.0289381281380032 -0.0444640926926255 0.09240454176268 -0.423987581455113 0.433016444852233
4.651 0.0639234746955411 -0.0296289543992019 -0.0450624716864943 0.0888531235929484 -0.426048711378405 0.431554093541495
4.701 0.062193882289183 -0.0303265619149912 -0.0456640346477195 0.0854283242574828 -0.427918105504658 0.429997273466598
4.751 0.0603788199901751 -0.0310307635905031 -0.0462685252811683 0.0821262405027381 -0.42959981488316 0.428349138934985
4.801 0.0584801062979295 -0.0317413652043263 -0.0468756836163359 0.0789430486313741 -0.431097910125342 0.426612805388299
4.851 0.0564997308106678 -0.0324581654189053 -0.0474852460411019 0.07587500602641 -0.432416475433073 0.424791347934432
4.901 0.0544398524409645 -0.0331809557959728 -0.0480969453397971 0.0729184523374806 -0.433559602972531 0.422887800011921
4.951 0.0523027972661485 -0.0339095208170686 -0.0487105107355872 0.0700698103585291 -0.434531387578685 0.420905152180133
5.001 0.0500910560142274 -0.0346436379091958 -0.0493256679371764 0.0673255866242116 -0.435335921775978 0.41884635102899
5.051 0.0478072811867993 -0.0353830774756596 -0.0499421391898265 0.0646823717503626 -0.435977291101357 0.416714298202208
5.101 0.0454542838212158 -0.036127602932133 -0.0505596433306819 0.0621368405420694 -0.436459569716325 0.414511849528287
5.151 0.0430350298950709 -0.0368769707479889 -0.0511778958483846 0.0596857518912105 -0.436786816295186 0.412241814253719
5.201 0.0405526363768894 -0.0376309304929354 -0.0517966089469619 0.0573259484837388 -0.436963070177165 0.4099069543731
5.251 0.0380103669276984 -0.0383892248889873 -0.0524154916139606 0.0550543563355112 -0.436992347770539 0.407509984051073
5.301 0.035411627258963 -0.0391515898678026 -0.0530342496928019 0.0528679841740824 -0.436878639197393 0.405053569131218
5.351 0.0327599601531666 -0.0399177546334106 -0.0536525859593236 0.0507639226825949 -0.436625905168035 0.402540326727217
5.401 0.0300590401541019 -0.0406874417303534 -0.0542702002024763 0.0487393436206843 -0.436238074074548 0.399972824891826
5.451 0.0273126679347254 -0.041460367117259 -0.0548867893091332 0.0467914988361958 -0.435719039293353 0.39735358235935
5.501 0.0245247643511925 -0.0422362402458607 -0.0555020473529744 0.0449177191804535 -0.435072656687066 0.394685068357536
5.551 0.0216993641924551 -0.0430147641454731 -0.056115665687398 0.0431154133388387 -0.4343027422963 0.391969702484932
5.601 0.0188406096355418 -0.043795635512933 -0.056727333042414 0.0413820665875222 -0.433413070212444 0.389209854649963
5.651 0.015952743417375 -0.0445785448080052 -0.0573367356254677 0.0397152394863299 -0.432407370622795 0.386407845068117
5.701 0.0130401017346877 -0.0453631763542559 -0.0579435572261417 0.0381125665169336 -0.43128932801977 0.383565944313792
5.751 0.0101071068842933 -0.0461492084453846 -0.058547479324681 0.0365717546748052 -0.430062579566252 0.380686373423515
5.801 0.00715825965663664 -0.046936313457009 -0.059148181204282 0.0350905820226866 -0.428730713609436 0.377771304047374
5.851 0.00419813149619828 -0.047724157963886 -0.0597453400670863 0.0336668962126752 -0.427297268335855 0.374822858645658
5.901 0.00123135644295154 -0.0485124028625551 -0.0603386311538165 0.0322986129834299 -0.425765730560561 0.371843110727816
5.951 -0.0017373771303326 -0.0493007034993798 -0.0609277278669888 0.0309837146384369 -0.424139534643717 0.368834085130992
6.001 -0.0047033349695657 -0.050088709803962 -0.0615123018976344 0.02972024851076 -0.422422061528133 0.365797758335506
6.051 -0.00766174556369859 -0.0508760664279006 -0.0620920233554619 0.0285063254192106 -0.420616637891539 0.362736058814767
6.101 -0.0106078089255351 -0.0516624128888588 -0.0626665609023876 0.0273401181204284 -0.418726535407647 0.359650867417227
6.151 -0.0135367055121035 -0.0524473837199025 -0.0632355818893604 0.026219859760942 -0.416754970110307 0.356544017778096
6.201 -0.0164436052672385 -0.0532306086240662 -0.0637987524964057 0.0251438423328939 -0.41470510185527 0.353417296758626
6.251 -0.0193236767686179 -0.0540117126341011 -0.064355737875809 0.0241104151367551 -0.41258003387434 0.350272444910895
6.301 -0.0221720964611157 -0.0547903162773527 -0.0649062022983613 0.0231179832540187 -0.41038281241688 0.347111156966104
6.351 -0.024984057957999 -0.0555660357457134 -0.0654498093025818 0.0221650060325581 -0.408116426473867 0.343935082344506
6.401 -0.0277547813911892 -0.0563384830705897 -0.0659862218468351 0.0212499955870453 -0.405783807579886 0.340745825685159
6.451 -0.0304795227915469 -0.0571072663028211 -0.0665151024642565 0.0203715153165643 -0.403387829688661 0.337544947393803
6.501 -0.0331535834799132 -0.0578719896974814 -0.0670361134203975 0.0195281784413084 -0.40093130911789 0.334333964207221
6.551 -0.0357723194494577 -0.0586322539034897 -0.0675489168735008 0.0187186465600259 -0.398417004559347 0.331114349772544
6.601 -0.0383311507197395 -0.0593876561579566 -0.0680531750373133 0.0179416282296725 -0.395847617150389 0.327887535240018
6.651 -0.0408255706427866 -0.0601377904851811 -0.0685485503463434 0.0171958775685327 -0.393225790603155 0.324654909867844
6.701 -0.0432511551414382 -0.0608822479002165 -0.0690347056234668 0.0164801928839023 -0.390554111387942 0.321417821637751
6.751 -0.0456035718601804 -0.0616206166169139 -0.0695113042497833 0.0157934153252566 -0.387835108967353 0.318177577880049
6.801 -0.0478785892087298 -0.0623524822603499 -0.0699780103366246 0.0151344275636845 -0.385071256077994 0.314935445906959
6.851 -0.0500720852786889 -0.0630774280835423 -0.0704344888996137 0.0145021524982279 -0.382264969056645 0.311692653653086
6.901 -0.0521800566137131 -0.0637950351883503 -0.0708804060346714 0.0138955519896454 -0.379418608207922 0.30845039032196
6.951 -0.0541986268137814 -0.0645048827504545 -0.0713154290958662 0.013313625622 -0.376534478210649 0.30520980703763
7.001 -0.0561240549543662 -0.0652065482483067 -0.0717392268750021 0.0127554094923708 -0.373614828560225 0.301972017500343
7.051 -0.0579527438015385 -0.065899607695936 -0.0721514697828346 0.0122199750288898 -0.370661854044427 0.298738098645394
7.101 -0.0596812478043329 -0.0665836358794922 -0.0725518300318086 0.0117064278372197 -0.367677695250212 0.295509091304297
7.151 -0.0613062808460243 -0.067258206597407 -0.0729399818202037 0.0112139065755107 -0.364664439099154 0.292286000867445
7.201 -0.0628247237363406 -0.0679228929040455 -0.073315601517578 0.0107415818578015 -0.361624119409331 0.289069797947519
7.251 -0.0642336314270497 -0.068577267356721 -0.0736783678513941 0.0102886551857661 -0.3585587174815 0.285861419042894
7.301 -0.0655302399338115 -0.0692209022659374 -0.0740279620947136 0.0098543579086501 -0.355470162707571 0.282661767200383
7.351 -0.0667119729476825 -0.0698533699487256 -0.0743640682548428 0.00943795021118772 -0.352360333199435 0.279471712676669
7.401 -0.0677764481201956 -0.0704742429849321 -0.0746863732628116 0.00903872012924379 -0.349231056436332 0.276292093597826
7.451 -0.06872148300651 -0.0710830944763158 -0.0749945671635677 0.00865598259288414 -0.346084109929008 0.27312371661636
7.501 -0.0695451006517379 -0.0716794983083075 -0.0752883433067642 0.00828907849654015 -0.342921221899002 0.269967357565253
7.551 -0.0702455348062041 -0.0722630294142805 -0.0755673985380199 0.00793737379590076 -0.339744071971502 0.266823762108498
7.601 -0.070821234756077 -0.0728332640421785 -0.0758314333905304 0.00760025863113668 -0.336554291880263 0.263693646387675
7.651 -0.071270869756528 -0.0733897800233445 -0.0760801522769046 0.00727714647603633 -0.333353466183177 0.26057769766413
7.701 -0.071593333055328 -0.0739321570433906 -0.0763132636811047 0.00696747331261164 -0.330143132987138 0.257476574956354
7.751 -0.0717877454955704 -0.0744599769149446 -0.0765304803503614 0.00667069683071312 -0.326924784680938 0.25439090967219
7.801 -0.0718534586870264 -0.0749728238521093 -0.0767315194869403 0.00638629565217797 -0.323699868674977 0.251321306235518
7.851 -0.0717900577364738 -0.0754702847464634 -0.0769161029396308 0.00611376857902222 -0.320469788146636 0.248268342707098
7.901 -0.0715973635282138 -0.0759519494444344 -0.0770839573948311 0.00585263386517672 -0.317235902790241 0.24523257139927
7.951 -0.0712754345468802 -0.0764174110258678 -0.0772348145670996 0.00560242851125904 -0.313999529570585 0.242214519484241
8.001 -0.0708245682355619 -0.0768662660836167 -0.0773684113890445 0.00536270758186633 -0.31076194347903 0.2392146895957
8.051 -0.0702453018831972 -0.0772981150039721 -0.0774844902004214 0.00513304354486997 -0.307524378291297 0.236233560423542
8.101 -0.0695384130361559 -0.0777125622477527 -0.0775827989363098 0.00491302563218975 -0.304288027326054 0.233271587301475
8.151 -0.0687049194298995 -0.0781092166318701 -0.0776630913142374 0.00470225922152393 -0.301054044203507 0.230329202787328
8.201 -0.0677460784375986 -0.0784876916111837 -0.0777251270201216 0.0045003652385117 -0.297823543603217 0.227406817235888
8.251 -0.0666633860335915 -0.0788476055604577 -0.0777686718928978 0.00430697957880551 -0.294597602020429 0.224504819364103
8.301 -0.065458575270582 -0.0791885820562299 -0.0777934981077032 0.00412175254953328 -0.291377258520223 0.221623576808514
8.351 -0.0641336142704973 -0.0795102501584012 -0.0777993843574846 0.0039443483296338 -0.28816351548887 0.218763436674792
8.401 -0.0626907037299587 -0.0798122446913533 -0.0777861160329003 0.003774444448553 -0.284957339381777 0.215924726079281
8.451 -0.0611322739423525 -0.0800942065243982 -0.0777534854003836 0.00361173128279367 -0.281759661467472 0.213107752682427
8.501 -0.0594609813395266 -0.0803557828513662 -0.0777012917782381 0.00345591156981724 -0.278571378567108 0.210312805214042
8.551 -0.0576797045571752 -0.0805966274691327 -0.0776293417106343 0.0033066999388025 -0.275393353788992 0.20754015399031
8.601 -0.0557915400290125 -0.0808164010548871 -0.0775374491393766 0.00316382245777326 -0.272226417257692 0.204790051422495
8.651 -0.0537997971158638 -0.0810147714419441 -0.0774254355733108 0.00302701619661447 -0.26907136683729 0.202062732517289
8.701 -0.0517079927768317 -0.0811914138938971 -0.077293130255244 0.0028960288055041 -0.265928968848397 0.199358415368787
8.751 -0.0495198457907075 -0.081346011376913 -0.077140370326246 0.00277061810829664 -0.262799958778559 0.196677301642039
8.801 -0.0472392705368046 -0.0814782548299672 -0.0769670009872071 0.00265055171040245 -0.25968504198573 0.194019577048187
8.851 -0.0448703703453805 -0.0815878434328172 -0.0767728756575208 0.00253560662071621 -0.256584894394474 0.19138541181117
8.901 -0.0424174304287919 -0.0816744848715125 -0.0765578561307695 0.00242556888715681 -0.253500163184655 0.188774961125996
8.951 -0.03988491040548 -0.0817378956012378 -0.0763218127272832 0.00232023324539027 -0.2504314674723 0.186188365608602
9.001 -0.0372774364298269 -0.0817778011062897 -0.0760646244434501 0.00221940278031671 -0.247379398982452 0.183625751737319
9.051 -0.0345997929418321 -0.0817939361569818 -0.075786179097653 0.00212288859991176 -0.244344522713743 0.181087232285954
9.101 -0.0318569140514541 -0.0817860450632794 -0.0754863734727104 0.00203050952102278 -0.241327377594533 0.178572906748541
9.151 -0.029053874573321 -0.0817538819249604 -0.0751651134547005 0.00194209176672931 -0.238328477130412 0.176082861755785
9.201 -0.0261958807283528 -0.0816972108781031 -0.0748223141680492 0.00185746867488731 -0.235348310042919 0.173617171483253
9.251 -0.0232882605296403 -0.0816158063377002 -0.0744579001067618 0.00177648041748608 -0.232387340899327 0.17117589805135
9.301 -0.0203364538706968 -0.0815094532362004 -0.0740718052616837 0.00169897373045643 -0.229446010733381 0.16875909191715
9.351 -0.0173460023349391 -0.08137794725778 -0.0736639732436732 0.00162480165357825 -0.226524737656873 0.16636679225813
9.401 -0.0143225387459497 -0.0812210950681467 -0.0732343574025734 0.00155382328014498 -0.223623917461966 0.163999027347878
9.451 -0.0112717764787417 -0.0810387145396814 -0.0727829209418709 0.00148590351605194 -0.220743924214182 0.161655814923838
9.501 -0.00819949855286442 -0.0808306349717236 -0.0723096370289314 0.0014209128479848 -0.217885110835992 0.15933716254717
9.551 -0.0051115465287747 -0.080596697305808 -0.0718144889007043 0.00135872712039351 -0.215047809680962 0.157043067954796
9.601 -0.00201380922943399 -0.0803367543356628 -0.0712974699647898 0.00129922732094618 -0.212232333098399 0.154773519403715
9.651 0.00108778869041129 -0.0800506709117792 -0.0707585838957641 0.00124229937416617 -0.209438973988488 0.152528496007668
9.701 0.00418729830436152 -0.0797383241403693 -0.0701978447266615 0.00118783394296466 -0.206668006347882 0.150307968066235
9.751 0.00727875808059979 -0.0793996035765242 -0.0696152769355133 0.00113572623778916 -0.203919685805754 0.148111897386453
9.801 0.0103562056305704 -0.0790344114113942 -0.0690109155268466 0.00108587583311747 -0.201194250150303 0.145940237597048
9.851 0.0134136895161326 -0.0786426626532096 -0.0683848061080468 0.0010381864910343 -0.19849191984573 0.143792934455369
9.901 0.0164452810909681 -0.0782242853019675 -0.0677370049604931 0.000992565991636282 -0.195812898539698 0.141669926147117
9.951 0.0194450863518146 -0.0777792205176095 -0.0670675791053758 0.000948925970019034 -0.193157373561312 0.139571143578969
10.001 0.0224072577749467 -0.0773074227815214 -0.0663766063641086 0.0009071817596075 -0.190525516409644 0.137496510664191
10.051 0.0253260061132236 -0.0768088600511864 -0.0656641754132513 0.000867252241598683 -0.187917483232859 0.13544594460133
10.101 0.0281956121289749 -0.0762835139078282 -0.0649303858338612 0.00082905970029317 -0.185333415297972 0.133419356146105
10.151 0.0310104382380013 -0.0757313796968836 -0.0641753481551941 0.000792529684099163 -0.182773439451314 0.131416649876574
10.201 0.033764940040025 -0.0751524666611473 -0.0633991838926791 0.00075759087199982 -0.180237668569744 0.129437724451696
10.251 0.036453677711036 -0.0745467980664359 -0.062602025580094 0.000724174945281626 -0.177726202002696 0.127482472863375
10.301 0.0390713272331462 -0.0739144113196216 -0.0617840167958713 0.000692216464328224 -0.175239126005117 0.125550782682104
10.351 0.0416126914377821 -0.0732553580788901 -0.0609453121834688 0.000661652750290753 -0.172776514161376 0.123642536296296
10.401 0.0440727108383175 -0.0725697043560817 -0.06008607746574 0.000632423771452045 -0.170338427800226 0.121757611145417
10.451 0.0464464742285747 -0.0718575306109789 -0.0592064894532448 0.000604472034108322 -0.167924916400911 0.119895879947021
10.501 0.0487292290239975 -0.0711189318374065 -0.0583067360464429 0.000577742477798039 -0.165536017990485 0.118057210917786
10.551 0.0509163913227312 -0.0703540176410188 -0.0573870162317175 0.000552182374713371 -0.163171759532461 0.116241467988659
10.601 0.0530035556643229 -0.0695629123086477 -0.056447540071177 0.000527741233135599 -0.160832157306864 0.114448511014214
10.651 0.0549865044642885 -0.068745754869095 -0.0554885286861905 0.000504370704741136 -0.158517217281796 0.112678195976322
10.701 0.0568612171033729 -0.0679026991452552 -0.0545102142346119 0.000482024495630332 -0.156226935476613 0.110930375182237
10.751 0.0586238786509575 -0.0670339137974584 -0.0535128398816542 0.000460658280936428 -0.153961298316816 0.109204897457205
10.801 0.0602708882027494 -0.0661395823579325 -0.0524966597643779 0.000440229622877058 -0.151720282980751 0.107501608331692
10.851 0.0617988668136057 -0.0652199032562843 -0.0514619389497615 0.000420697892115619 -0.149503857738247 0.105820350223332
10.901 0.0632046650071169 -0.0642750898359074 -0.0504089533863255 0.000402024192304586 -0.147311982281276 0.104160962613707
10.951 0.064485369844383 -0.0633053703612299 -0.049337989849285 0.000384171287687445 -0.14514460804676 0.10252328222004
11.001 0.06563831153527 -0.0623109880157197 -0.0482493458792115 0.000367103533640379 -0.143001678531633 0.100907143161923
11.051 0.0666610695763266 -0.0612922008905713 -0.0471433297141853 0.000350786810039174 -0.140883129600271 0.0993123771231549
11.101 0.0675514784004743 -0.0602492819640037 -0.0460202602154269 0.000335188457340973 -0.138788889784397 0.0977388135088113
11.151 0.06830763252455 -0.0591825190711056 -0.0448804667863977 0.000320277215274555 -0.136718880575587 0.0961862795976246
11.201 0.0689278911817858 -0.0580922148641681 -0.0437242892853659 0.000306023164036749 -0.134673016710482 0.0946546006897795
11.251 0.0694108824273436 -0.0569786867634542 -0.0425520779314355 0.000292397667896354 -0.132651206448825 0.0931436002502187
11.301 0.0697555067060913 -0.0558422668983571 -0.0413641932040428 0.000279373321110593 -0.130653351844437 0.0916531000475506
11.351 0.0699609398728979 -0.0546833020389086 -0.0401610057359263 0.000266923896062691 -0.128679349009257 0.0901829202886545
11.401 0.07002663565685 -0.0535021535176028 -0.0389428961995833 0.000255024293532565 -0.126729088370548 0.0887328797490745
11.451 0.0699523275619316 -0.0522991971415082 -0.0377102551872259 0.000243650495015901 -0.124802454921391 0.0873027958992938
11.501 0.06973803019788 -0.0510748230946472 -0.0364634830842589 0.000232779517010129 -0.122899328464594 0.08589248502698
11.551 0.0693840400361093 -0.0498294358306282 -0.0352029899363013 0.000222389367188826 -0.121019583850111 0.0845017623552892
11.601 0.0688909355868004 -0.0485634539555225 -0.0339291953097806 0.000212459002389108 -0.119163091206105 0.0831304421573183
11.651 0.0682595769944663 -0.0472773101009851 -0.0326425281461315 0.000202968288339386 -0.117329716163761 0.0817783378667915
11.701 0.0674911050505298 -0.0459714507876233 -0.0313434266096356 0.000193897961057681 -0.115519320075964 0.0804452621850664
11.751 0.0665869396226865 -0.0446463362786272 -0.0300323379289425 0.000185229589853332 -0.113731760229965 0.0791310271845456
11.801 0.0655487775020643 -0.043302440423679 -0.0287097182323174 0.000176945541867507 -0.111966890054132 0.0778354444085743
11.851 0.0643785896704381 -0.041940250493167 -0.0273760323766642 0.000169028948090443 -0.110224559318914 0.0765583249679093
11.901 0.0630786179910004 -0.0405602670027384 -0.0260317537703771 0.000161463670795698 -0.108504614332126 0.0752994796338381
11.951 0.0616513713274326 -0.0391630035282268 -0.0246773641900781 0.000154234272334038 -0.106806898128663 0.0740587189280272
12.001 0.0600996210972601 -0.0377489865110037 -0.0233133535913028 0.000147325985231799 -0.105131250654752 0.0728358532091813
12.051 0.0584263962667036 -0.0363187550538047 -0.0219402199131993 0.000140724683540704 -0.103477508946863 0.0716306927565858
12.101 0.0566349777954604 -0.0348728607070912 -0.0205584688773112 0.000134416855388192 -0.101845507305373 0.070443047850613
12.151 0.054728892541055 -0.0334118672460141 -0.0191686137805178 0.000128389576679314 -0.100235077463096 0.0692727288502639
12.201 0.0527119066335913 -0.0319363504380533 -0.0177711752822116 0.000122630485903144 -0.098646048748794 0.0681195462678199
12.251 0.0505880183329117 -0.0304468978014127 -0.0163666811857932 0.00011712775999854 -0.097078248245757 0.0669833108406775
12.301 0.0483614503813183 -0.028944108354259 -0.0149556662145724 0.000111870091235843 -0.0955315009455729 0.0658638336004347
12.351 0.0460366418661438 -0.0274285923548987 -0.0135386717821648 0.000106846665072811 -0.0940056298971799 0.0647609259393025
12.401 0.0436182396075588 -0.0259009710329931 -0.0121162457574793 0.000102047138944774 -0.0925004563513068 0.0636743996739057
12.451 0.0411110890880757 -0.0243618763119207 -0.0106889422243944 9.74616219505287E-05 -0.0910157999004013 0.0626040671065444
12.501 0.0385202249412561 -0.0228119505224012 -0.00925732123622719 9.30806553970689E-05 -0.0895514786141468 0.0615497410839794
12.551 0.0358508610181309 -0.0212518461075027 -0.00782194856510045 8.88951941676929E-05 -0.0881073091706626 0.0605112350538077
12.601 0.0331083800508221 -0.0196822253191603 -0.00638339544631904 8.48965888794488E-05 -0.0866831069834879 0.0594883631184922
12.651 0.0302983229337843 -0.0181037599063414 -0.00494223831787 8.10765687972431E-05 -0.0852786863244422 0.0584809400871062
12.701 0.027426377643982 -0.0165171307949994 -0.00349905855516417 7.74272254732474E-05 -0.0838938604424576 0.057488781524857
12.751 0.0244983678221694 -0.0149230277599634 -0.00205444220114166 7.3940997081496E-05 -0.0825284416784755 0.0565117038004454
12.801 0.0215202410382462 -0.0133221490889201 -0.000608979691866498 7.06106534187795E-05 -0.0811822415764986 0.0555495241313229
12.851 0.0184980567644245 -0.0117152012386471 0.000836734422259959 6.74292815441048E-05 -0.0798550709908886 0.0546020606269028
12.901 0.0154379740806535 -0.0101028984836682 0.00228210175953414 6.43902720301104E-05 -0.0785467401899992 0.053669132329782
12.951 0.0123462391374122 -0.00848596255750142 0.00372652039409736 6.14873058009051E-05 -0.0772570589562287 0.05275055925503
13.001 0.00922917240158831 -0.00686512228668295 0.00516938514705507 5.87143415318306E-05 -0.0759858366825825 0.0518461624275981
13.051 0.00609315571172237 -0.00524111321775188 0.00661008788142486 5.60656035876447E-05 -0.0747328824658258 0.0509557639179036
13.101 0.00294461916939495 -0.00361467723738875 0.00804801780076666 5.35355704765778E-05 -0.0734980051963123 0.0500791868756394
13.151 -0.000209972106016735 -0.00198656218590659 0.00948256175134514 5.1118963798633E-05 -0.0722810136445702 0.0492162555618622
13.201 -0.00336413133159809 -0.000357521464298845 0.0109131045276712 4.88107376673841E-05 -0.0710817165447247 0.0483667953794073
13.251 -0.00651136349622679 0.00127168636494555 0.0123390291812665 4.66060685853735E-05 -0.0698999226748376 0.0475306329016803
13.301 -0.00964517884875588 0.00290029798304395 0.0137597173324913 4.45003457540249E-05 -0.0687354409342403 0.0467075958998733
13.351 -0.0127591064106221 0.00452754572591705 0.015174549485274 4.24891617997715E-05 -0.0675880804179383 0.045897513368652
13.401 -0.0158467074843009 0.00615265800075425 0.016582905344577 4.05683038988495E-05 -0.0664576504881591 0.0451002155503598
13.451 -0.0189015891289396 0.00777485970791499 0.0179841641364305 3.87337452839279E-05 -0.0653439608431206 0.0443155339577846
13.501 -0.0219174175744752 0.00939337266792842 0.0193777049303648 3.69816371164429E-05 -0.0642468215830895 0.0435433013955302
13.551 -0.0248879315455746 0.0110074160533489 0.0207629069640665 3.53083007091646E-05 -0.0631660432738016 0.0427833519800373
13.601 -0.0278069554668354 0.0126162068252196 0.0221391499700842 3.37102200841685E-05 -0.0621014370073144 0.0420355211582947
13.651 -0.0306684125208431 0.0142189601738921 0.0235058145044044 3.21840348519944E-05 -0.061052814460358 0.0412996457252816
13.701 -0.0334663375309028 0.015814889963944 0.024862282276718 3.0726533398364E-05 -0.0600199879502534 0.0405755638401816
13.751 -0.0361948896405457 0.0174032091829352 0.0262079364821948 2.93346463653977E-05 -0.059002770488463 0.0398631150414077
13.801 -0.038848364762258 0.0189831303937338 0.0275421621345793 2.8005440414807E-05 -0.0580009758318372 0.039162140260475
13.851 -0.0414212077682832 0.0205538661901439 0.0288643464004243 2.67361122610674E-05 -0.0570144185316203 0.0384724818347601
13.901 -0.043908024396818 0.0221146296555609 0.0301738789342702 2.55239829630694E-05 -0.0560429139802786 0.0377939835191827
13.951 -0.0463035928474443 0.0236646348243749 0.0314701522145815 2.43664924632293E-05 -0.0550862784562096 0.0371264904968446
14.001 -0.0486028750402284 0.0252030971458414 0.0327525618802474 2.32611943634996E-05 -0.0541443291663923 0.0364698493886623
14.051 -0.0508010275135573 0.0267292339501347 0.034020507067453 2.22057509281609E-05 -0.0532168842870375 0.0358239082620244
14.101 -0.0528934119364815 0.0282422649162938 0.0352733907467254 2.11979283036998E-05 -0.052303763002293 0.03518851663851
14.151 -0.0548756052120884 0.0297414125417703 0.0365106200599585 2.02355919464848E-05 -0.0514047855410618 0.0345635255006973
14.201 -0.0567434091492336 0.0312259026132823 0.0377316066572174 1.93167022493409E-05 -0.0505197732119854 0.0339487872980962
14.251 -0.0584928596808219 0.0326949646786784 0.0389357670331254 1.84393103584978E-05 -0.0496485484366477 0.0333441559522338
14.301 -0.0601202356077329 0.0341478325195093 0.0401225228626307 1.76015541727448E-05 -0.0487909347810495 0.0327494868609234
14.351 -0.0616220668484482 0.0355837446240067 0.0412913013359551 1.68016545169695E-05 -0.0479467569854072 0.032164636901747
14.401 -0.0629951421754398 0.0370019446601624 0.0424415354925192 1.6037911482587E-05 -0.0471158409923228 0.031589464434777
14.451 -0.0642365164204264 0.0384016819486021 0.0435726645536452 1.53087009276823E-05 -0.0462980139733762 0.0310238293045681
14.501 -0.0653435171316989 0.0397822119349451 0.0446841342538321 1.46124711299923E-05 -0.0454931043541867 0.0304675928414436
14.551 -0.0663137506678432 0.0411427966613382 0.0457753971704009 1.3947739586143E-05 -0.0447009418379901 0.029920617862104
14.601 -0.0671451077133602 0.0424827052368533 0.0468459130513051 1.3313089950838E-05 -0.0439213574277774 0.0293827686695825
14.651 -0.0678357682028861 0.0438012143064355 0.0478951491409051 1.27071691099602E-05 -0.0431541834470399 0.0288539110525731
14.701 -0.068384205641952 0.0450976085180868 0.0489225805034996 1.21286843818046E-05 -0.0423992535591632 0.0283339122841541
14.751 -0.0687891908134912 0.046371180987971 0.049927690344413 1.1576400840907E-05 -0.0416564027855141 0.0278226411199326
14.801 -0.0690497948605935 0.0476212337631248 0.0509099703284334 1.10491387591658E-05 -0.0409254675222602 0.0273199677956313
14.851 -0.0691653917373294 0.048847078281459 0.0518689208953994 1.05457711591841E-05 -0.0402062855559649 0.0268257640241406
14.901 -0.0691356600208041 0.0500480358287328 0.0528040515727325 1.00652214749692E-05 -0.039498696077995 0.0263399029920573
14.951 -0.0689605840789654 0.0512234379921874 0.0537148812847135 9.60646131534017E-06 -0.0388025396977816 0.0258622593557318
15.001 -0.0686404545900625 0.0523726271105215 0.0546009386583008 9.16850832558756E-06 -0.0381176584549705 0.0253927092368434
15.051 -0.0681758684110444 0.0534949567198943 0.0554617623252921 8.75042414312259E-06 -0.0374438958305002 0.0249311302175246
15.101 -0.0675677277935863 0.0545897919956421 0.0562969012206275 8.35131244303345E-06 -0.0367810967566426 0.0244774013350528
15.151 -0.0668172389478378 0.0556565101893936 0.0571059148766391 7.97031706964217E-06 -0.0361291076260412 0.024031403076129
15.201 -0.0659259099553992 0.0566945010612738 0.0578883737130469 7.60662025032189E-06 -0.0354877762997821 0.0235930173707621
15.251 -0.0648955480344425 0.057703167306884 0.0586438593225086 7.2594408879954E-06 -0.0348569521145296 0.0231621275857749
15.301 -0.0637282561613046 0.0586819249787492 0.059371964751527 6.92803292888832E-06 -0.0342364858887606 0.022738618517952
15.351 -0.062426429054285 0.0596302039019258 0.0600722947765239 6.61168380225843E-06 -0.0336262299281279 0.0223223763868434
15.401 -0.0609927485267733 0.0605474480834643 0.0607444661748904 6.30971292896255E-06 -0.0330260380299841 0.021913288827242
15.451 -0.0594301782182211 0.0614331161154241 0.0613881079908238 6.02147029585782E-06 -0.0324357654870963 0.0215112448813501
15.501 -0.0577419577128385 0.0622866815711386 0.0620028617957665 5.74633509316339E-06 -0.0318552690905799 0.0211161349906508
15.551 -0.0559315960572522 0.063107633394436 0.0625883819432607 5.4837144120319E-06 -0.0312844071320818 0.0207278509874982
15.601 -0.0540028646896883 0.0638954762815176 0.0631443358180385 5.23304199969937E-06 -0.0307230394052387 0.0203462860864425
15.651 -0.0519597897945586 0.0646497310552041 0.0636704040791671 4.99377706969468E-06 -0.0301710272064391 0.0199713348753017
15.701 -0.0498066440976037 0.065369935031262 0.0641662808970734 4.76540316469934E-06 -0.0296282333349153 0.0196028933059964
15.751 -0.0475479381180034 0.0660556423765241 0.0646316741842713 4.54742706975196E-06 -0.0290945220921897 0.0192408586851576
15.801 -0.0451884108950824 0.0667064244585246 0.0650663058196241 4.33937777359131E-06 -0.0285697592809022 0.018885129664524
15.851 -0.0427330202084239 0.0673218701863723 0.0654699118659696 4.1408054760277E-06 -0.0280538122030414 0.0185356062311373
15.901 -0.0401869323113535 0.0679015863425892 0.0658422427809463 3.95128063932349E-06 -0.0275465496576047 0.0181921896973505
15.951 -0.0375555111988583 0.0684451979056463 0.0661830636208556 3.77039308165092E-06 -0.0270478419377088 0.0178547826906595
16.001 -0.0348443074320728 0.0689523483629353 0.0664921542374031 3.59775111077962E-06 -0.0265575608271741 0.0175232891433693
16.051 -0.0320590465424795 0.0694227000139153 0.066769309467163 3.43298069622573E-06 -0.0260755795966047 0.017197614282106
16.101 -0.0292056170399438 0.0698559342631845 0.0670143393136133 3.27572467817189E-06 -0.0256017729989838 0.0168776646171847
16.151 -0.0262900580496213 0.070251751903227 0.0672270691215953 3.12564201154029E-06 -0.0251360172648074 0.0165633479318443
16.201 -0.0233185466036441 0.0706098733865934 0.0674073397440507 2.98240704367173E-06 -0.0246781900967736 0.0162545732713579
16.251 -0.0202973846143075 0.0709300390872788 0.0675550077008983 2.84570882413062E-06 -0.0242281706640496 0.0159512509320293
16.301 -0.0172329855562322 0.0712120095510674 0.0676699453299113 2.71525044522056E-06 -0.0237858395961323 0.0156532924500849
16.351 -0.01413186088568 0.0714555657346203 0.0677520409294662 2.59074841185643E-06 -0.0233510789763241 0.0153606105904685
16.401 -0.0110006062258375 0.0716605092330869 0.067801198893031 2.47193203949829E-06 -0.0229237723348389 0.0150731193355495
16.451 -0.00784588734746122 0.0718266624960293 0.067817339835273 2.35854287890875E-06 -0.0225038046415567 0.0147907338737514
16.501 -0.00467442597479116 0.0719538690314551 0.0678004007096638 2.25033416654925E-06 -0.0220910622984441 0.0145133705881094
16.551 -0.00149298544709256 0.0720419935977601 0.0677503349174687 2.14707029948298E-06 -0.0216854331316558 0.0142409470447645
16.601 0.00169164373343138 0.0720909223833898 0.0676671124080084 2.04852633370102E-06 -0.0212868063833338 0.0139733819814015
16.651 0.00487265843629278 0.0721005631740363 0.0675507197700896 1.95448750483608E-06 -0.0208950727031192 0.0137105952956383
16.701 0.00804325748862395 0.0720708455071944 0.067401160314502 1.86474877027342E-06 -0.0205101241393912 0.0134525080333738
16.751 0.0111966562808363 0.0720017208139072 0.0672184541474866 1.77911437171178E-06 -0.0201318541302484 0.0131990423771001
16.801 0.0143261013604201 0.0718931625475411 0.0670026382350851 1.69739741726875E-06 -0.019760157494246 0.0129501216341863
16.851 0.0174248849822268 0.0717451662994363 0.0667537664582829 1.61941948226475E-06 -0.0193949304209017 0.01270567022514
16.901 0.0204863595835976 0.0715577499012878 0.0664719096588675 1.54501022785753E-06 -0.0190360704609853 0.0124656136718524
16.951 0.0235039521527973 0.071330953514119 0.0661571556759246 1.4740070367357E-06 -0.0186834765166019 0.0122298785858319
17.001 0.0264711784593717 0.0710648397037204 0.0658096093729028 1.40625466511445E-06 -0.0183370488310841 0.0119983926564338
17.051 0.0293816571152809 0.0707594935024317 0.0654293926551834 1.34160491030976E-06 -0.0179966889787026 0.0117710846390895
17.101 0.0322291234359608 0.0704150224571561 0.0650166444780933 1.27991629319938E-06 -0.0176622998542081 0.0115478843435403
17.151 0.0350074430708333 0.0700315566635031 0.0645715208453097 1.22105375490922E-06 -0.0173337856622153 0.0113287226220831
17.201 0.0377106253732232 0.0696092487859661 0.064094194797607 1.16488836709279E-06 -0.0170110519064394 0.011113531357829
17.251 0.0403328364801447 0.0691482740640484 0.0635848563919045 1.11129705519933E-06 -0.0166940053787964 0.0109022434529831
17.301 0.0428684120729886 0.0686488303042613 0.0630437126705765 1.06016233415282E-06 -0.0163825541483765 0.0106947928171467
17.351 0.0453118697907777 0.0681111378579274 0.0624709876209947 1.01137205588952E-06 -0.0160766075503005 0.0104911143556484
17.401 0.0476579212683563 0.0675354395847306 0.061866922125278 9.6481916822597E-07 -0.0157760761744691 0.0102911439579065
17.451 0.0499014837726414 0.0669220008019632 0.0612317739002289 9.20401484552903E-07 -0.0154808718542138 0.0100948184858277
17.501 0.0520376914108846 0.0662711092194317 0.0605658174274433 8.7802146387253E-07 -0.0151909076548581 0.00990207576224422
17.551 0.0540619058857758 0.0655830748599903 0.0598693438735871 8.37586000718169E-07 -0.0149060978621982 0.00971285455939498
17.601 0.0559697267731585 0.0648582299656821 0.0591426610008363 7.99006224515423E-07 -0.0146263579709099 0.00952709458745211
17.651 0.0577570012991203 0.0640969288894763 0.0583860930674853 7.62197307963695E-07 -0.0143516046728921 0.00934473648309721
17.701 0.0594198335942701 0.0632995479726016 0.0575999807187346 7.27078284035406E-07 -0.0140817558455516 0.00916572179814996
17.751 0.0609545934041135 0.0624664854074815 0.0567846808676724 6.935718712081E-07 -0.0138167305400386 0.00898999298825195
17.801 0.0623579242355833 0.0615981610862924 0.0559405665664742 6.61604306561715E-07 -0.0135564489694401 0.00881749340160874
17.851 0.0636267509209802 0.0606950164351708 0.0550680268678477 6.31105186389483E-07 -0.013300832496936 0.00864816726779245
17.901 0.064758286581812 0.0597575142341074 0.0541674666767578 6.02007313986593E-07 -0.0130498036239269 0.00848195968660763
17.951 0.0657500389763058 0.0587861384225761 0.0532393065924723 5.74246554295615E-07 -0.0128032859781385 0.00831881661702259
18.001 0.0665998162156794 0.0577813938909547 0.0522839827409752 5.47761695101878E-07 -0.0125612043017091 0.00815868486616852
18.051 0.0673057318356173 0.0567438062578051 0.0513019465978002 5.22494314485698E-07 -0.0123234844392661 0.00800151207840863
18.101 0.0678662092107811 0.0556739216330894 0.050293664801343 4.98388654251268E-07 -0.0120900533259973 0.00784724672447901
18.151 0.0682799853016021 0.0545723063674097 0.0492596189567178 4.75391499064531E-07 -0.0118608389757217 0.00769583809070346
18.201 0.0685461137240464 0.0534395467873678 0.0482003054302298 4.53452061044238E-07 -0.0116357704689665 0.00754723626828388
18.251 0.0686639671345123 0.052276248917151 0.0471162351345388 4.3252186956175E-07 -0.0114147779410534 0.00740139214266783
18.301 0.0686332389235051 0.0510830381864619 0.0460079333045989 4.12554666016041E-07 -0.0111977925702007 0.00725825738299522
18.351 0.0684539442132417 0.0498605591249168 0.0448759392644639 3.93506303360705E-07 -0.0109847465656447 0.00711778443162508
18.401 0.0681264201558544 0.0486094750430499 0.043720806185051 3.75334650169772E-07 -0.0107755731557852 0.0069799264937443
18.451 0.0676513255303957 0.0473304677000682 0.0425431008329673 3.57999499038564E-07 -0.0105702065763602 0.00684463752705929
18.501 0.0670296396383794 0.0460242369585123 0.0413434033105041 3.41462479124946E-07 -0.0103685820586514 0.00671187223157195
18.551 0.0662626604991367 0.0446915004259889 0.0401223067869124 3.25686972644998E-07 -0.0101706358177278 0.00658158603944115
18.601 0.0653520023478048 0.0433329930841484 0.0388804172210798 3.10638035145389E-07 -0.00997630504072815 0.00645373510493043
18.651 0.0642995924403075 0.0419494669050923 0.0376183530757314 2.96282319382713E-07 -0.00978552787518743 0.00632827629444335
18.701 0.0631076671712126 0.0405416904554018 0.0363367450232872 2.82588002647594E-07 -0.00959824341741014 0.00620516717664695
18.751 0.0617787675118803 0.0391104484879936 0.0350362356435109 2.69524717378593E-07 -0.00941439170089395 0.00608436601268445
18.801 0.0603157337778187 0.0376565415220097 0.0337174791130928 2.57063484917925E-07 -0.00923391368480662 0.00596583174647776
18.851 0.0587216997356599 0.0361807854109668 0.0323811408873137 2.45176652267535E-07 -0.0090567512425191 0.00584952399512052
18.901 0.0570000860616379 0.0346840108993912 0.0310278973739428 2.33837831710456E-07 -0.00888284715019774 0.00573540303936228
18.951 0.055154593164902 0.03316706316818 0.0296584355995289 2.23021843168408E-07 -0.00871214507545816 0.0056234298141844
19.001 0.0531891933904186 0.0316308013689348 0.0282734528682469 2.12704659172329E-07 -0.00854458956608342 0.00551356589946801
19.051 0.0511081226176092 0.030076098147524 0.026873656413471 2.02863352328108E-07 -0.00838012603880881 0.00540577351075466
19.101 0.0489158712722303 0.0285038391571382 0.0254597630422473 1.93476045164994E-07 -0.00821870076817554 0.00530001549009988
19.151 0.0466171747703254 0.0269149225611113 0.0240324987728458 1.84521862259259E-07 -0.00806026087545561 0.00519625529701993
19.201 0.0442170034143633 0.0253102585257876 0.0225925984655763 1.75980884530447E-07 -0.00790475431764963 0.00509445699953213
19.251 0.0417205517629203 0.0236907687037248 0.0211408054470581 1.67834105612194E-07 -0.00775212987655989 0.00499458526528887
19.301 0.0391332274964599 0.0220573857075283 0.0196778711281372 1.60063390203944E-07 -0.00760233714794014 0.00489660535280539
19.351 0.0364606398029155 0.0204110525746224 0.0182045546156504 1.52651434314149E-07 -0.00745532653072407 0.00480048310278168
19.401 0.0337085873078817 0.018752722223269 0.0167216223182409 1.45581727309494E-07 -0.00731104921633386 0.00470618492951824
19.451 0.0308830455752635 0.0170833569001542 0.0152298475464318 1.3883851568856E-07 -0.00716945717807053 0.00461367781242597
19.501 0.0279901542052301 0.0154039276198688 0.0137300101071724 1.32406768501987E-07 -0.00703050316058736 0.00452292928763002
19.551 0.0250362035572485 0.0137154135966151 0.0122228958930735 1.26272144344707E-07 -0.00689414066944767 0.00443390743966754
19.601 0.0220276211268518 0.0120188016684817 0.010709296466553 1.2042095984915E-07 -0.00676032396076842 0.00434658089327934
19.651 0.0189709576056048 0.0103150857146313 0.00919000863911673 1.14840159611532E-07 -0.00662900803095043 0.00426091880529513
19.701 0.0158728726544832 0.00860526606575576 0.00766583404600578 1.09517287486379E-07 -0.00650014860649657 0.00417689085661234
19.751 0.0127401204215621 0.00689034890815636 0.00613757871644143 1.0444045918736E-07 -0.00637370213391877 0.00409446724426819
19.801 0.00957953483552782 0.00517134568181516 0.00460605263970607 9.95983361352873E-08 -0.0062496257697347 0.0040136186736047
19.851 0.00639801470707439 0.00344927247282753 0.00307206932730017 9.49801004968155E-08 -0.00612787737055508 0.00393431635052667
19.901 0.00320250867072169 0.00172514940057219 0.00153644537141952 9.05754313598805E-08 -0.0060084154832623 0.00385653197385187
