1
1.00000000012234
1.03
0.983549950671392
1.06
0.968743649624789
1.09
0.955459488283862
1.12
0.943590185719166
1.15
0.93304093120921
1.18
0.92372781439648
1.21
0.915576493098739
1.24
0.908521058432484
1.27
0.902503064555363
1.3
0.897470696393646
1.33
0.893378053548056
1.36
0.890184532438979
1.39
0.887854291867153
1.42
0.886355789687836
1.45
0.885661380348193
1.48
0.885746964714267
1.51
0.886591684990443
1.54
0.888177658669285
1.57
0.890489746389089
1.6
0.893515349357409
1.63
0.897244232650378
1.66
0.901668371243337
1.69
0.906781816086875
1.72
0.912580577929181
1.75
0.919062526913249
1.78
0.926227306255293
1.81
0.93407625854799
1.84
0.942612363434653
1.87
0.951840185574392
1.9
0.961765831967943
1.93
0.972396917843309
1.96
0.98374254041227
1.99
0.995813259906538
2.02
1.00862108745069
2.05
1.02217947896123
2.08
1.03650333565667
2.11
1.05160900960183
2.14
1.06751431498541
2.17
1.08423854453915
2.2
1.10180249099537
2.23
1.12022847345287
2.26
1.13954036855607
2.29
1.15976364642304
2.32
1.18092541128734
2.35
1.20305444684563
2.38
1.22618126632773
2.41
1.25033816733026
2.44
1.27555929147715
2.47
1.30188068899227
2.5
1.32934038829071
2.53
1.35797847071537
2.56
1.38783715056619
2.59
1.41896086058914
2.62
1.45139634311214
2.65
1.4851927470352
2.68
1.52040173090234
2.71
1.5570775723037
2.74
1.59527728387672
2.77
1.63506073619788
2.8
1.67649078787773
2.83
1.71963342319577
2.86
1.76455789763526
2.89
1.81133689170304
2.92
1.86004667344534
2.94999999999999
1.91076727009768
2.97999999999999
1.96358264933547
3.00999999999999
2.01858091074891
3.03999999999999
2.07585448730588
3.06999999999999
2.13550035927238
3.09999999999999
2.1976202786414
3.12999999999999
2.26232100660932
3.15999999999999
2.32971456400766
3.18999999999999
2.3999184955278
3.21999999999999
2.47305614849287
3.24999999999999
2.54925696697619
3.27999999999999
2.62865680211323
3.30999999999999
2.71139823950587
3.33999999999999
2.79763094467037
3.36999999999999
2.88751202753831
3.39999999999999
2.98120642707969
3.42999999999999
3.07888731718099
3.45999999999999
3.18073653497947
3.48999999999999
3.28694503292579
3.51999999999999
3.39771335592396
3.54999999999999
3.51325214497744
3.57999999999999
3.63378266885679
3.60999999999999
3.75953738539364
3.63999999999999
3.8907605341035
3.66999999999999
4.02770876194094
3.69999999999999
4.1706517840993
3.72999999999999
4.31987308188251
3.75999999999999
4.47567063979833
3.78999999999999
4.63835772415214
3.81999999999999
4.80826370555753
3.84999999999999
4.98573492792679
3.87999999999999
5.17113562665953
3.90999999999999
5.36484889891141
3.93999999999999
5.5672777290015
3.96999999999999
5.77884607220213
3.99999999999999
6.00000000035213
