-2
-0.995322139581219
-1.96
-0.99442615990649
-1.92
-0.993378122306301
-1.88
-0.992156135694669
-1.84
-0.990735878900471
-1.8
-0.989090453811526
-1.76
-0.987190250219187
-1.72
-0.985002826561977
-1.68
-0.982492811103595
-1.64
-0.979621828361024
-1.6
-0.97634845580629
-1.56
-0.972628215983892
-1.52
-0.968413609198672
-1.48
-0.963654191820536
-1.44
-0.958296705008806
-1.4
-0.952285258268515
-1.36
-0.945561571704598
-1.32
-0.93806528013263
-1.28
-0.929734301335322
-1.24
-0.920505269726349
-1.2
-0.910314035506212
-1.16
-0.899096228083404
-1.12
-0.886787881108518
-1.08
-0.873326114955085
-1.04
-0.858649870910286
-0.999999999999999
-0.84270068974759
-0.959999999999999
-0.825423525782232
-0.919999999999999
-0.806767586003055
-0.879999999999999
-0.786687182476201
-0.839999999999999
-0.765142584974057
-0.799999999999999
-0.742100859742191
-0.759999999999999
-0.717536679521209
-0.719999999999999
-0.691433089428582
-0.679999999999999
-0.663782213111342
-0.639999999999999
-0.634585883730429
-0.599999999999999
-0.603856184849436
-0.559999999999999
-0.571615887182836
-0.519999999999999
-0.537898768409074
-0.479999999999999
-0.502749804859
-0.439999999999999
-0.466225225825196
-0.399999999999999
-0.428392423467283
-0.359999999999999
-0.389329713766163
-0.319999999999999
-0.349125946651047
-0.279999999999999
-0.3078799662237
-0.239999999999999
-0.265699924865209
-0.199999999999999
-0.222702457858314
-0.159999999999999
-0.179011727917626
-0.119999999999999
-0.134758351616201
-0.0799999999999988
-0.090078222058542
-0.0399999999999988
-0.0451112442107394
1.23512311489549E-15
1.000001415008E-09
0.0400000000000012
0.0451112442107419
0.0800000000000012
0.0900782220585449
0.120000000000001
0.134758351616204
0.160000000000001
0.179011727917628
0.200000000000001
0.222702457858317
0.240000000000001
0.265699924865211
0.280000000000001
0.307879966223703
0.320000000000001
0.34912594665105
0.360000000000001
0.389329713766166
0.400000000000001
0.428392423467286
0.440000000000001
0.466225225825199
0.480000000000001
0.502749804859002
0.520000000000001
0.537898768409076
0.560000000000001
0.571615887182838
0.600000000000001
0.603856184849438
0.640000000000001
0.63458588373043
0.680000000000001
0.663782213111344
0.720000000000001
0.691433089428583
0.760000000000001
0.717536679521211
0.800000000000001
0.742100859742193
0.840000000000001
0.765142584974058
0.880000000000001
0.786687182476202
0.920000000000001
0.806767586003056
0.960000000000002
0.825423525782233
1
0.842700689747591
1.04
0.858649870910287
1.08
0.873326114955086
1.12
0.886787881108519
1.16
0.899096228083405
1.2
0.910314035506213
1.24
0.92050526972635
1.28
0.929734301335322
1.32
0.938065280132631
1.36
0.945561571704599
1.4
0.952285258268516
1.44
0.958296705008807
1.48
0.963654191820536
1.52
0.968413609198673
1.56
0.972628215983892
1.6
0.97634845580629
1.64
0.979621828361024
1.68
0.982492811103596
1.72
0.985002826561978
1.76
0.987190250219187
1.8
0.989090453811526
1.84
0.990735878900471
1.88
0.992156135694669
1.92
0.993378122306301
1.96
0.99442615990649
