# xs ys ysn ysd ysdn ys2d ys2dn ysad ysadn
-1 0.35322690848236 0.411148903946005 0.192497730304415 -0.652703479272391 -10.1800432417355 -6.65780663804432 0.234196123347542 0.236107515861272
-0.992 0.354437358390349 0.40571225512856 0.109648268079707 -0.706704055032333 -10.5298805273873 -6.84179286123221 0.237025455244506 0.239375248502963
-0.984 0.35497397754457 0.399837750809419 0.0240604414902119 -0.762162542985608 -10.8644182304035 -7.02216979335549 0.239861894520294 0.242597744308131
-0.976 0.354815362422296 0.393513850622215 -0.0641381790320529 -0.819047271052981 -11.1823646310423 -7.19823298554775 0.242699965322885 0.245771454102398
-0.968 0.353941171278028 0.386729290437874 -0.154809736146348 -0.87732081251532 -11.4824404111679 -7.36924838553063 0.245534024302803 0.248892737462716
-0.96 0.352332205997635 0.37947312933836 -0.247806201439345 -0.936939753256628 -11.7633828196529 -7.53445338772979 0.248358269458159 0.251957865113915
-0.952 0.349970492891936 0.371734798416772 -0.342969524797408 -0.997854468197786 -12.0239498888705 -7.69305808193323 0.251166749630699 0.254963021708395
-0.944 0.346839362159934 0.363504151323854 -0.440131817671724 -1.06000890853471 -12.2629246891977 -7.84424670671148 0.253953374643198 0.257904309003275
-0.936 0.342923525749487 0.354771516467849 -0.539115570486548 -1.12334040144131 -12.4791196079979 -7.9871793130347 0.256713837834001 0.260777749448579
-0.928 0.338209153341635 0.345527750761222 -0.639733904330886 -1.18777946393772 -12.6713806391458 -8.12099364265181 0.259440208333339 0.26357929019929
-0.92 0.332683946184128 0.335764294794005 -0.74179085696099 -1.25324963265694 -12.8385916687889 -8.24480722484434 0.262125555670348 0.266304807563174
-0.912 0.326337208499956 0.325473229299565 -0.845081703025214 -1.31966731126803 -12.9796787427212 -8.35771969413172 0.264763352628078 0.268950111895243
-0.904 0.319159916197827 0.314647332764445 -0.94939330830476 -1.38694163732993 -13.0936143004734 -8.45881533038914 0.267346992959136 0.271510952948636
-0.896 0.311144782613708 0.303280140019717 -1.05450451764367 -1.45497437035723 -13.1794213610002 -8.54716582164585 0.269869805024596 0.273983025690411
-0.888 0.30228632101563 0.291366001637033 -1.16018657611977 -1.52365980287618 -13.2361776446752 -8.6218332485641 0.273090717639434 0.27636197658941
-0.88 0.292580903608013 0.278900143938369 -1.26620358288553 -1.59288469623582 -13.2630196161896 -8.68187328826194 0.275388345740629 0.278643410381882
-0.872 0.282026816776864 0.265878729414459 -1.37231297698411 -1.66252824291521 -13.2591464328881 -8.72633863374132 0.27760873896886 0.280822897318954
-0.864 0.270624312323235 0.252298917333073 -1.47826605432232 -1.7324620570316 -13.2238237830735 -8.75428262372238 0.279745127680765 0.282895980898371
-0.856 0.258375654439362 0.238158924304898 -1.5838085148585 -1.80255019470704 -13.1563875988634 -8.76476307617181 0.281790738645496 0.284858186081075
-0.848 0.245285162189956 0.223458084561696 -1.68868103894031 -1.87264920589098 -13.0562476283001 -8.75684631725624 0.283351097645022 0.286705027991347
-0.84 0.231359247270106 0.208196909688947 -1.79261989160603 -1.94260821916388 -12.9228908515843 -8.72961139585719 0.285289031615134 0.288432021097148
-0.832 0.216606446821228 0.192377147543314 -1.89535755354243 -2.01226906096138 -12.7558847265399 -8.68215447216294 0.287079918021052 0.290034688865264
-0.824 0.201037451097447 0.176001840074119 -1.99662337727448 -2.08146641056037 -12.5548802487131 -8.61359336721297 0.288749525211736 0.29150857388358
-0.816 0.184665125786616 0.159075379757755 -2.0961442670469 -2.15002799205653 -12.3196148118628 -8.5230722586238 0.290291380532017 0.29284924844059
-0.808 0.167504528802997 0.141603564344567 -2.19364538074483 -2.21777480443819 -12.049914855018 -8.40976650608111 0.291699122403637 0.29405232554982
-0.8 0.149572921382253 0.123593649609508 -2.28885085209264 -2.28452139072364 -11.7456982827558 -8.27288758855427 0.292966517918598 0.295113470404464
-0.792 0.13088977332392 0.105054399790647 -2.38148453126496 -2.35007614697806 -11.4069766458902 -8.11168813358726 0.294087480500302 0.296028412244982
-0.784 0.111476762241862 0.085996135393799 -2.47127074194392 -2.4142416718629 -11.0338570703565 -7.92546701745762 0.295056087584976 0.296792956619884
-0.776 0.0913577666993308 0.0664307780369884 -2.55793505276146 -2.47681515719473 -10.6265439227333 -7.71357451348423 0.295866598274798 0.297402998017336
-0.768 0.0705588531220767 0.0463718920053543 -2.64120506097603 -2.53758881980316 -10.1853402015499 -7.47541746431992 0.296513470913223 0.297854532842581
-0.76 0.0491082564005396 0.0258347221856401 -2.72081118614888 -2.59635037477826 -9.71064864429498 -7.21046445269841 0.296991380532229 0.298143672713534
-0.752 0.0270363541103079 0.00483622804946671 -2.79648747150819 -2.65288354998891 -9.20297254085413 -6.91825094383062 0.297295236120532 0.298266658044277
-0.744 0.00437563429883577 -0.0166048866435778 -2.86797239061796 -2.70696864153399 -8.66291624497658 -6.59838437147654 0.297420197661351 0.29821987188351
-0.736 -0.0188393431942754 -0.0384681487483757 -2.93500965690562 -2.75838310956047 -8.09118537628083 -6.25054913866873 0.297361692887937 0.297999853972422
-0.728 -0.0425719918963265 -0.0607312955621355 -2.9973490335456 -2.80690221364632 -7.48858670627124 -5.8745115031452 0.297115433704918 0.297603314983854
-0.72 -0.0667837503325753 -0.0833702598901768 -3.05474714114846 -2.85229968670355 -6.85602772283841 -5.47012431677567 0.296677432223473 0.297027150902094
-0.712 -0.091434140101401 -0.106359160652787 -3.10696826066453 -2.89434844610845 -6.1945158687565 -5.03733158764819 0.296044016358482 0.29626845750017
-0.704 -0.116480830344824 -0.129670299324963 -3.15378512887983 -2.9328213405132 -5.50515745076664 -4.57617283303488 0.295211844936144 0.295324544869165
-0.696 -0.141879708544552 -0.153274162487455 -3.19497972385898 -2.96749193053808 -4.78915621694322 -4.08678719118595 0.294177922260961 0.29419295195173
-0.688 -0.16758495755249 -0.177139430752097 -3.23034403767579 -2.99813530128612 -4.04781160117566 -3.56941725982258 0.292939612091722 0.292871461029872
-0.68 -0.193549138743375 -0.201232994306909 -3.25968083376792 -3.02452890436574 -3.28251663475788 -3.02441262931763 0.291494650976848 0.291358112115022
-0.672 -0.219723281155868 -0.22551997530694 -3.282804386256 -3.04645342685188 -2.49475552625773 -2.45223307888022 0.289841160900519 0.28965121718649
-0.664 -0.246056976467241 -0.249963757315227 -3.29954119858249 -3.06369368436448 -1.68610091203359 -1.85345140459962 0.287977661192115 0.287749374222729
-0.656 -0.272498479625694 -0.274526021974706 -3.30973069884864 -3.07603953519721 -0.858210780972277 -1.22875584896435 0.285889422202777 0.285651480968265
-0.648 -0.298994814943539 -0.299166793066419 -3.31322590926187 -3.08328681218993 -0.0128250782350044 -0.578952102455113 0.283604063841189 0.283356748377786
-0.64 -0.325491887433887 -0.323844488081955 -3.30989408714874 -3.08523826880767 0.848238005985854 0.0950351509790068 0.28110669320009 0.280864713677804
-0.632 -0.351934599153385 -0.348515977408892 -3.29961733504161 -3.08170453566929 1.72308605548517 0.792161171313978 0.278397523544572 0.27817525298532
-0.624 -0.378266970293822 -0.373136651197123 -3.28229317740979 -3.07250508356135 2.60975674641885 1.51126060780082 0.275465946699351 0.275288593422336
-0.616 -0.404432264746273 -0.397660493941443 -3.2578351016779 -3.05746918877924 3.50622245542127 2.25104747546852 0.272336164739953 0.27220532466457
-0.608 -0.430373119842928 -0.422040166781761 -3.22617306125583 -3.03643689646074 4.41039514667934 3.01011568386326 0.268997906445176 0.268926409862636
-0.6 -0.456031679963891 -0.446227097487036 -3.18725393839579 -3.00925997741734 5.32013152602316 3.78694013677905 0.265453195874051 0.265453195874051
-0.592 -0.481349733679161 -0.470171578052439 -3.1410419647917 -2.9758028738288 6.23323844896712 4.57987841919796 0.261704521578011 0.261787422744857
-0.584 -0.506268854079754 -0.493822869801713 -3.08751909794531 -2.93594362904749 7.1474785685412 5.38717308492223 0.257754838899085 0.257931232380361
-0.576 -0.530730541936583 -0.517129315848275 -3.02668535144087 -2.88957479666264 8.06057620769417 6.20695455545621 0.25360757113249 0.253887176345512
-0.568 -0.554676371311356 -0.540038460729479 -2.9585590773961 -2.8366043239027 8.97022344003449 7.03724463759766 0.249266609532482 0.249658222736759
-0.56 -0.57804813723041 -0.562497176988898 -2.88317719949091 -2.77695640440686 9.87408636170325 7.87596066393827 0.244736312143378 0.245247762068877
-0.552 -0.60078800502018 -0.584451798441629 -2.80059539511674 -2.7105722953773 10.7698115362538 8.72092025707076 0.240021501440878 0.240659612122216
-0.544 -0.622838660891931 -0.605848259817723 -2.71088822533784 -2.6374110941307 11.6550325935458 9.5698467147707 0.235127460772038 0.235898021698097
-0.536 -0.644143463353533 -0.626632242439128 -2.61414921151109 -2.55745046910447 12.5273769628561 10.4203750097873 0.230007170334451 0.230967673232683
-0.528 -0.664646595017467 -0.646749325546203 -2.51049085757234 -2.47068734043858 13.3844727196602 11.2700583941574 0.224778286545911 0.225873684222568
-0.52 -0.684293214366975 -0.666145142851217 -2.4000446171643 -2.37713850534969 14.2239555248659 12.1163755941762 0.219388210032459 0.220621607418552
-0.512 -0.703029607036373 -0.68476554385842 -2.28296080495338 -2.27684120364062 15.0434756346653 12.9567385783373 0.213844042527885 0.215217429747603
-0.504 -0.720803336157007 -0.702556759453692 -2.15940845165955 -2.16985361884484 15.8407049586426 13.7885008767206 0.208153309110962 0.209667569926834
-0.496 -0.737563391317251 -0.719465571231431 -2.02957510250439 -2.05625531069333 16.6133441433103 14.6089664264877 0.202323947411963 0.203978874737449
-0.488 -0.753260335683335 -0.73543948399274 -1.89366655896621 -1.93614757480879 17.3591296578719 15.4153989143558 0.196364295634883 0.198158613931001
-0.48 -0.767846450827633 -0.750426900817163 -1.75190656391859 -1.80965372578049 18.0758408587051 16.2050315832098 0.190283079411864 0.192214473744964
-0.472 -0.781275878812409 -0.764377300080549 -1.60453643041706 -1.67691930005004 18.761307008849 16.9750774663821 0.184089397509983 0.186154549009515
-0.464 -0.793504761079908 -0.777241413764258 -1.4518146145894 -1.53811217534425 19.4134142286454 17.7227400096285 0.177792706414158 0.179987333832558
-0.456 -0.804491373704072 -0.788971406376129 -1.29401623327581 -1.39342260372491 20.030112353645 18.44522403747 0.171402803813503 0.173721710855385
-0.448 -0.814196258565105 -0.799521053781625 -1.13143252725628 -1.24306315568426 20.6094216759308 19.1397470173898 0.164929811022009 0.167366939076829
-0.44 -0.822582350015567 -0.808845921224501 -0.964370271092839 -1.08726857309955 21.149439545149 19.8035505723931 0.158384154367895 0.160932640249546
-0.432 -0.829615096615656 -0.816903539800467 -0.793151130803086 -0.926295529266908 21.6483468057582 20.4339121896864 0.151776545589421 0.154428783857806
-0.424 -0.83526257752583 -0.82365358063479 -0.618110970768231 -0.760422294663068 22.1044140473236 21.0281570707298 0.145117961278245 0.147865670692192
-0.416 -0.839495613156842 -0.829058026005744 -0.439599111462675 -0.589948307530361 22.5160076450827 21.5836700656932 0.138419621414715 0.141253915042574
-0.408 -0.842287869690747 -0.833081336650383 -0.257977539772417 -0.415193648844174 22.8815955685024 22.0979076334209 0.131692967042559 0.134604425536865
-0.4 -0.843615957101223 -0.835690614487571 -0.0736200738455905 -0.236498421699918 23.1997529361248 22.5684097663998 0.12494963713355 0.127928384659147
-0.392 -0.843459520317817 -0.836855759995353 0.113088515410546 -0.0542220356457481 23.4691672956653 22.9928118189593 0.118201444695554 0.121237226986889
-0.384 -0.841801323196302 -0.836549623486034 0.301753423906526 0.131257603014467 23.6886436090735 23.3688561760137 0.111460352180198 0.114542616193059
-0.376 -0.838627324976194 -0.83474814953248 0.491970772582798 0.319544993419642 23.8571089231051 23.6944036991144 0.104738446248983 0.107856420864928
-0.368 -0.833926748926623 -0.831430513813439 0.683328601666309 0.510228032816259 23.9736167068582 23.9674448864123 0.0980479119591605 0.101190689197312
-0.36 -0.827692142903043 -0.826579251663991 0.875407898236409 0.702879097147742 24.0373508387235 24.1861106833593 0.0914010064329764 0.0945576226237598
-0.352 -0.819919431559705 -0.820180377639558 1.06778365422866 0.89705620652366 24.0476292262579 24.3486828816023 0.0847894377199262 0.0879695484548311
-0.344 -0.810607959986304 -0.812223495428286 1.26002595187776 1.09230427202731 24.0039070436258 24.45360404455 0.0782692649359694 0.0814388915980302
-0.336 -0.799760528561673 -0.802701897476885 1.45170107348266 1.28815641983372 23.9057795724559 24.4994868995234 0.0718294128162765 0.0749781454391838
-0.328 -0.787383418842796 -0.791612653729122 1.64237263226884 1.48413538813626 23.7529846332233 24.4851231382355 0.0654821692889993 0.0685998419699647
-0.32 -0.773486410333565 -0.778956688914061 1.83160272102466 1.67975499192287 23.5454045955905 24.4094915695761 0.0592397575498121 0.0623165212509492
-0.312 -0.758082788004706 -0.764738847862536 2.01895307510193 1.87452165020479 23.2830679575164 24.2717655712976 0.0531143079336156 0.056140700303926
-0.304 -0.741189340463823 -0.748967948375229 2.20398624629467 2.06793596988536 22.9661504843708 24.0713197902004 0.0471178297745546 0.0500848415311593
-0.296 -0.72282634870273 -0.731656821213788 2.38626678404595 2.25949438006621 22.5949759007559 23.8077360437825 0.0412621833296702 0.0441613207629483
-0.288 -0.703017565377801 -0.712822336837511 2.56536242038046 2.44869081022692 22.1700161292497 23.4808083800334 0.0355590518418708 0.0383823950380451
-0.28 -0.681790184608087 -0.692485418561976 2.74084525491987 2.63501840538319 21.6918910718217 23.0905472561015 0.0299457929330266 0.0327601702242879
-0.272 -0.659174802305211 -0.670671041872379 2.91229293631089 2.81797127103197 21.1613679312419 22.637182800916 0.0245967474316356 0.0273065685891909
-0.264 -0.63520536707847 -0.647408219682921 3.07928983638031 2.9970462404309 20.5793600713919 22.1211671314875 0.0194315333883242 0.022033296432124
-0.256 -0.609919121788079 -0.62272997339414 3.24142821332936 3.17174465653648 19.9469254169894 21.5431756975011 0.0144611489178446 0.016951811891148
-0.248 -0.583356535848974 -0.596673289662253 3.39830936029 3.34157416074299 19.2652643948534 20.9041076339441 0.00969625518324489 0.0120732930385029
-0.24 -0.555561228416898 -0.569279062857995 3.54954473558954 3.5060504804228 18.5357174204495 20.2050851068239 0.00514715171186956 0.00740860637919694
-0.232 -0.526579882617619 -0.54059202325691 3.69475707110594 3.66469920717158 17.7597619350701 19.4474516425129 0.000823752458643106 0.00296827586704207
-0.224 -0.496462151008846 -0.510660651068015 3.83358145514581 3.81705755760784 16.9390090006056 18.6327694368688 -0.00326443732321452 -0.00123754744809168
-0.216 -0.465260552492749 -0.479537076473044 3.96566638633887 3.96267610856889 16.0751994604494 17.7628156459703 -0.00710834334570973 -0.00519911502915327
-0.208 -0.433030360924722 -0.447276965913645 4.09067479511739 4.10112049858253 15.1701996766453 16.8395776660675 -0.0106993436274811 -0.00890710960591923
-0.2 -0.399829485691142 -0.413939394928509 4.20828502943603 4.23197308757778 14.2259968549202 15.8652474161101 -0.0140292888588673 -0.012352672965271
-0.192 -0.365718344555276 -0.379586707906282 4.3181918014869 4.354834566928 13.2446939707491 14.8422146419611 -0.0170905217386977 -0.0155274326715744
-0.184 -0.33075972909596 -0.344284365182631 4.42010709227537 4.46932551209515 12.2285043110587 13.7730592670873 -0.0198758952332949 -0.0184235276141446
-0.176 -0.295018663088314 -0.308100777970871 4.51376101104516 4.57508787036498 11.1797456475916 12.6605428200965 -0.0223787897107393 -0.0210336322824833
-0.168 -0.258562254199312 -0.271107131674598 4.59890260667428 4.67178637642738 10.1008340593166 11.5075989749333 -0.0245931289061441 -0.0233509796741
-0.16 -0.221459539393441 -0.233377198187535 4.67530062830854 4.75910988886425 8.99427742257426 10.3173232448078 -0.0265133946765088 -0.0253693827443602
-0.152 -0.183781324465014 -0.194987137839936 4.74274423265306 4.83677264095574 7.86266858889021 9.09296187597978 -0.0281346405066548 -0.0270832543128682
-0.144 -0.145600018133614 -0.156015291702061 4.80104363550697 4.90451539960447 6.70867827156368 7.83789999232068 -0.0294525037307949 -0.0284876253463481
-0.136 -0.10698946115782 -0.116541965003202 4.85003070529964 4.96210652660263 5.53504766323845 6.55564904608701 -0.0304632164374328 -0.0295781615439066
-0.128 -0.068024750939571 -0.076649202469062 4.88955949656844 5.0093429369276 4.34458080768903 5.24983363454063 -0.0311636150285316 -0.0303511781567626
-0.12 -0.0287820621072347 -0.0364205564209059 4.91950672150804 5.04605094924437 3.14013674999657 3.92417774590054 -0.0315511484072104 -0.0308036529811532
-0.112 0.0106615364203552 0.00405915148362773 4.93977215791775 5.07208702431491 1.92462149014613 2.58249050159008 -0.0316238847716305 -0.0309332374699984
-0.104 0.0502282673740665 0.0447040739559232 4.95027899207715 5.08733838756339 0.70097976584463 1.22865146482291 -0.0313805169961941 -0.030738265916093
-0.096 0.0898398335530801 0.0854275862881345 4.95097409528918 5.0917235326169 -0.527813308966221 -0.133404411770899 -0.0308203665847006 -0.0302177626669913
-0.088 0.129417608186955 0.126142538108328 4.94182823304405 5.08519260323242 -1.75876072284748 -1.49970212455882 -0.029943386183674 -0.0293714473393785
-0.08 0.168882826698655 0.166761507697772 4.92283620597603 5.06772765162749 -2.98885213531483 -2.8662421666783 -0.0287501606476784 -0.0281997380084927
-0.072 0.208156779320302 0.207197057875733 4.89401692200659 5.03934277185081 -4.21507250708623 -4.22901620719328 -0.0272419066520717 -0.0267037523560707
-0.0639999999999999 0.247161004009478 0.247361992448734 4.85541339929241 5.00008410745651 -5.43441076392674 -5.58402282284618 -0.0254204708522974 -0.0248853067682865
-0.056 0.285817479111732 0.287169612217854 4.80709269982267 4.9500297333778 -6.64386846571447 -6.92728320328658 -0.0232883265924694 -0.0227469133831989
-0.048 0.324048815214632 0.326533969539384 4.7491457937379 4.88928941252811 -7.8404684522784 -8.25485675081498 -0.0208485691696617 -0.0202917750952466
-0.04 0.361778445640166 0.365370120440826 4.68168735466967 4.8180042282878 -9.02126343758943 -9.56285649632225 -0.0181049096639544 -0.0175237785323896
-0.032 0.398930815025638 0.403594373306078 4.60485548662777 4.73634609465618 -10.1833445240222 -10.8474642542291 -0.0150616673479046 -0.0144474850293813
-0.024 0.435431565448272 0.441124533160258 4.51881138318656 4.64451714646073 -11.3238496086442 -12.1049454408262 -0.0117237606927011 -0.0110681196285283
-0.016 0.471207719555681 0.477880140606199 4.42373891994534 4.54274901261194 -12.4399716538317 -13.3316634824731 -0.00809669699180008 -0.00739155814693693
-0.00800000000000001 0.506187860173033 0.513782704490868 4.31984418145757 4.43130197597077 -13.5289667949574 -14.5240937426175 -0.00418656062633212 -0.00342431235674401
0 0.54030230586814 0.548755927410735 4.20735492403948 4.31046402395281 -14.5881622584398 -15.6788368995297 0 0.000826486667918402
0.00800000000000001 0.573483281967892 0.582725923200284 4.08651997607999 4.18054979452479 -15.6149640640878 -16.7926317099844 0.00445578682545758 0.00535310697649882
0.016 0.605665086533183 0.615621425587078 3.95760857767937 4.0418994227526 -16.606864486416 -17.8623670978464 0.00917306775988358 0.0101472358727006
0.024 0.63678425081496 0.647373987240064 3.82090966164343 3.89487729353242 -17.5614492504356 -18.8850935105921 0.0141435935418626 0.0152000016764715
0.032 0.66677969373098 0.677918168484528 3.6767310780524 3.73987070657452 -18.4764044383527 -19.8580334912076 0.0193586157827962 0.0205019970375189
0.04 0.69559286992137 0.707191715007394 3.52539876480809 3.57728846011171 -19.3495230846138 -20.7785914176023 0.0248089061542846 0.0260433037149317
0.048 0.723167910961019 0.73513572392975 3.36725586673933 3.40755936016694 -20.1787114378289 -21.6443623666428 0.0304847766723415 0.0318135187323184
0.056 0.749451759328151 0.761694797679518 3.20266180601245 3.23113066253775 -20.9619948692759 -22.4531400651016 0.036376101029224 0.0378017818130778
0.0640000000000001 0.774394294751034 0.786817185155566 3.03199130675151 3.04846645493492 -21.6975234089315 -23.2029238951972 0.0424723369210484 0.0439968039961414
0.0720000000000001 0.797948452578609 0.810454909735069 2.85563337691958 2.86004598694968 -22.383576891288 -23.8919249279382 0.0487625493168885 0.0503868973286785
0.0800000000000001 0.820070333845808 0.832563883738073 2.67399025064955 2.66636195571527 -23.0185696945911 -24.5185709631338 0.0552354346127202 0.0569600055289231
0.0880000000000001 0.840719306730309 0.85310400902681 2.48747629433743 2.46791875527507 -23.6010550585704 -25.0815105606602 0.0618793456114 0.0637037355094519
0.0960000000000001 0.859858099124487 0.872039263481795 2.29651687992528 2.26523069776965 -24.1297289672186 -25.5796160533365 0.06868231726784 0.0706053896489152
0.104 0.877452882074106 0.889337773161908 2.10154722890185 2.05882021460916 -24.6034335847141 -26.011985537526 0.0756320931366789 0.0776519986984172
0.112 0.893473343863928 0.904971870021054 1.90301123063828 1.84921604580589 -25.0211602341537 -26.3779438433028 0.0827161524580594 0.0848303552074651
0.12 0.907892754559626 0.918918135119273 1.70136023875229 1.6369514256041 -25.3820519103736 -26.6770424916643 0.0899217378155939 0.092127047353655
0.128 0.920688020845239 0.93115742733096 1.49705184925763 1.42256227246235 -25.6854053197755 -26.9090586518071 0.0972358832992551 0.0995284930600054
0.136 0.931839731025629 0.941674897616841 1.2905486643055 1.20658539131788 -25.9306724417344 -27.0739931168559 0.104645443104761 0.10702097428415
0.144 0.941332190094048 0.950459988989122 1.08231704536148 0.989556695894415 -26.1174616078427 -27.1720673216385 0.112137120500032 0.114590671364367
0.152 0.949153444795741 0.957506422360534 0.872825859684545 0.772009458605887 -26.2455380969274 -27.2037194310754 0.119697497088497 0.122223697308729
0.16 0.955295298649511 0.962812168527428 0.66254522398471 0.554472595361152 -26.3148242454687 -27.1695995324883 0.127313062298408 0.129906131915379
0.168 0.959753316920178 0.966379406594418 0.451945249131864 0.337468992290082 -26.3253990747285 -27.0705639695919 0.1349702430269 0.137624055614229
0.176 0.962526821565767 0.968214469202965 0.241494789771374 0.121513881092573 -26.277497437574 -26.9076688600905 0.142655433367264 0.145363582923005
0.184 0.963618876214011 0.968327774978543 0.0316602026713889 -0.0928867306389562 -26.1715086896368 -26.6821628426431 0.150355024347891 0.153110895413698
0.192 0.963036261253188 0.966733748660308 -0.177095882416839 -0.305237568153391 -26.0079748910793 -26.3954791024492 0.158090055673506 0.160852274089009
0.2 0.960789439152323 0.963450729423357 -0.384315775660928 -0.51505553176753 -25.7875885468484 -26.0492267278466 0.165785947873487 0.168574131072234
0.208 0.956892510155337 0.958500867946461 -0.589547920156298 -0.721871067452551 -25.5111898948615 -25.6451814530658 0.173457164639727 0.176263040518333
0.216 0.951363158522638 0.951910012817437 -0.792348061468384 -0.925229461098139 -25.1797637530987 -25.1852758446629 0.181090563088159 0.183905768658491
0.224 0.944222589521879 0.943707586903881 -0.992280390228254 -1.12469205224056 -24.7944359380536 -24.6715889911261 0.188673155437931 0.191489302895337
0.232 0.935495457397016 0.933926454348842 -1.18891865440707 -1.31983736352336 -24.3564692684254 -24.1063357567265 0.1961921369494 0.199000879871196
0.24 0.925209784571364 0.92260277887883 -1.38184723801142 -1.51026214265312 -23.8672591693011 -23.4918556618601 0.203634913258966 0.206428012437077
0.248 0.913396872365881 0.909775874135487 -1.57066220306889 -1.69558231411369 -23.3283288933864 -22.8306014528913 0.210989127041559 0.213758515455748
0.256 0.900091203538431 0.895488046762114 -1.75497229191057 -1.87543383840843 -22.7413243770816 -22.1251274248831 0.21824268393388 0.220980530377984
0.264 0.885330336973148 0.879784432992066 -1.93439988690434 -2.0494734771072 -22.1080087503667 -21.3780775605706 0.225383777653936 0.228082548537014
0.272 0.869154794871135 0.862712829497773 -2.10858192494908 -2.21737946248005 -21.430256520551 -20.5921735485266 0.232400914255053 0.235053433112209
0.28 0.851607942814655 0.844323519266907 -2.27717076420417 -2.37885207100062 -20.7100474509537 -19.7702027426845 0.239282935455361 0.241882439719157
0.288 0.832735863096437 0.824669093275946 -2.43983500070118 -2.53361410049502 -19.9494601565107 -18.9150061242406 0.246019040986701 0.248559235589426
0.296 0.812587221723875 0.803804268731268 -2.59626023266401 -2.68141125119439 -19.1506654391447 -18.0294663254687 0.252598809910069 0.25507391730947
0.304 0.791213129524514 0.781785704643934 -2.74614977054944 -2.8220124114188 -18.3159193864863 -17.1164957731707 0.25901222084792 0.261417027094292
0.312 0.768666997794393 0.75867181549669 -2.88922529101144 -2.95520984907335 -17.4475562581995 -16.1790250073637 0.265249671087119 0.267579567577567
0.32 0.745004388944367 0.734522583750498 -3.02522743318916 -3.08081931057289 -16.5479811847274 -15.219991228405 0.271301994509776 0.273553015105973
0.328 0.720282862611578 0.709399371923319 -3.1539163359186 -3.19868002922689 -15.6196627037522 -14.2423271230897 0.27716047831289 0.279329331531376
0.336 0.694561817713578 0.683364734956028 -3.27507211467244 -3.30865464550887 -14.6651251600372 -13.248950017358 0.282816878481394 0.284900974500322
0.344 0.667902330931401 0.656482233559433 -3.38849527723836 -3.41062904200327 -13.6869409946002 -12.2427514001387 0.288263433983024 0.290260906245928
0.352 0.640366992114915 0.628816249212666 -3.49400707735534 -3.50451209616631 -12.6877229493504 -11.2265868595567 0.293514867036231 0.295402600892719
0.36 0.612019737109237 0.600431801456833 -3.59144980573615 -3.59023535435302 -11.6701162134068 -10.2032664692858 0.298542849603033 0.300320050290209
0.368 0.582925678504694 0.571394368098982 -3.68068701811456 -3.66775263085085 -10.6367905373054 -9.17554565924016 0.303322820880769 0.30500776839607
0.376 0.553150934814882 0.541769708910557 -3.76160370016481 -3.73703953591917 -9.59043234119551 -8.14611660111567 0.307867255099032 0.309460794234541
0.384 0.522762458587768 0.511623693371458 -3.834106369349 -3.79809293706293 -8.53373684292373 -7.11760013553157 0.312170974077201 0.313674693460244
0.392 0.491827863953496 0.481022132976294 -3.89812311395421 -3.85093035796753 -7.4694002316104 -6.09253826371372 0.316229338116423 0.317645558561872
0.4 0.460415254109658 0.450030618583243 -3.95360356978438 -3.8955893196904 -6.40011191193594 -5.07338722283182 0.320038250606645 0.321370007744182
0.408 0.428593049240246 0.418714363248612 -4.00051883517194 -3.93212662884205 -5.32854684388094 -4.06251116027789 0.3235941612543 0.324845182530455
0.416 0.396429815358444 0.387138050951885 -4.0388613251701 -3.96061761759671 -4.25735800210164 -3.06217641837775 0.32689406793597 0.328068744130917
0.424 0.363994094555708 0.355365691577003 -4.06864456597724 -3.98115534044947 -3.18916897847811 -2.07454643728622 0.329935517187333 0.331038868625774
0.432 0.331354237130456 0.323460482476059 -4.08990293083077 -3.9938497326841 -2.1265667506477 -1.10167728015237 0.332716603340454 0.333754241014208
0.44 0.298578236059074 0.291484676901799 -4.10269131878679 -3.99882673553422 -1.07209463853439 -0.145513781075046 0.33523596632628 0.336214048183189
0.448 0.265733564259892 0.259499459555478 -4.10708477797481 -3.99622739301059 -0.0282454700110882 0.79211368707762 0.33749278816284 0.338417970852051
0.456 0.232887015087436 0.227564829456957 -4.10317807508184 -3.98620692533075 1.00254502411162 1.70949183122103 0.339486788153194 0.340366174550624
0.464 0.200104546479561 0.195739490304689 -4.09108521297807 -3.9689337838244 2.01790456658371 2.6050264523703 0.341218216820661 0.342059299690176
0.472 0.167451129164187 0.164080748454561 -4.07093889854535 -3.94458869210097 3.01553042358171 3.47724386809602 0.342687848612134 0.343498450787645
0.48 0.134990599315313 0.132644418608732 -4.04288996291035 -3.91336367815522 3.99319521094543 4.32479175829727 0.343896973403526 0.344685184904494
0.488 0.102785516029797 0.101484737268662 -4.00710673641544 -3.87546110195501 4.94875240096082 5.14643945207609 0.344847386844408 0.345621499362102
0.496 0.0708970239772819 0.0706542839708347 -3.96377438078225 -3.83109268290303 5.88014151508219 5.94107767589847 0.345541379581827 0.346309818795917
0.504 0.0393847215555235 0.0402039102891428 -3.91309418103464 -3.7804785313943 6.78539298924411 6.70771778541457 0.345981725406033 0.346752981610581
0.512 0.00830653486242769 0.0101826765549194 -3.85528279984943 -3.72384618850392 7.66263269970619 7.44549050527924 0.346171668363421 0.346954225897984
0.52 -0.0222814022255954 -0.0193622037858918 -3.79057149709445 -3.66142967763782 8.51008613869474 8.15364420305702 0.346114908884411 0.346917174879698
0.528 -0.0523248616017744 -0.0483854122887659 -3.71920531739405 -3.59346857176438 9.3260822304513 8.83154272481379 0.34581558897623 0.346645821934452
0.536 -0.0817716278594317 -0.0768435662381858 -3.64144224863179 -3.5202070796187 10.1090567796612 9.47866282128544 0.345272002858616 0.346144515270337
0.544 -0.110571598384087 -0.104695252151351 -3.55755235435882 -3.4418931540356 10.8575555456127 10.0945911945764 0.344508199348237 0.345417942300206
0.552 -0.138676876410491 -0.131901052246862 -3.46781688312409 -3.35877762532457 11.5702369368204 10.6790211961781 0.343517707035238 0.344471113777308
0.56 -0.166041856872151 -0.15842356408954 -3.37252735777908 -3.27111336235076 12.2458743222337 11.2317492077123 0.342306333883383 0.343309347746632
0.568 -0.192623304895453 -0.184227413642833 -3.27198464783533 -3.17915446373316 12.8833579565335 11.7526707362066 0.34088024350307 0.341938253365609
0.576 -0.218380426815157 -0.209279261978552 -3.16649802796739 -3.08315548131583 13.4816965183942 12.2417762558971 0.339245935552782 0.340363714645943
0.584 -0.243274933612817 -0.233547805909887 -3.05638422575759 -2.98337067781198 14.0400182619488 12.6991468285444 0.337410225582584 0.338591874166252
0.592 -0.267271096704439 -0.257003772827835 -2.94196646177129 -2.88005332026534 14.557571783036 13.1249495340448 0.335380224381647 0.336629116803024
0.6 -0.290335796028292 -0.279619910033307 -2.82357348503397 -2.77345501072071 15.0337264031262 13.5194327427313 0.333163316892455 0.334482053525095
0.608 -0.312438560408311 -0.301370968867328 -2.7015386069525 -2.6638250552463 15.467972175112 13.8829212602004 0.330767140754744 0.332157505294488
0.616 -0.333551600192667 -0.322233683949903 -2.57619873668507 -2.5514098722067 15.8599195164049 14.2158113747802 0.328199564542502 0.329662487113973
0.624 -0.353649832190964 -0.342186747844346 -2.44789342091518 -2.43645244044779 16.2092984759971 14.5185658368875 0.325468665757374 0.327004192259241
0.632 -0.372710896956927 -0.36121078146825 -2.31696389092764 -2.31919178782461 16.5159576433266 14.7917087985156 0.322594732604194 0.324189976730987
0.64 -0.390715168486362 -0.379288300574828 -2.1837521198168 -2.19986252028212 16.7798627079108 15.0358207399676 0.31940474048401 0.321227343959628
0.648 -0.407645756422518 -0.396403678629161 -2.04859989258163 -2.07869439148643 17.0010946797989 15.2515334097088 0.316211823323938 0.318123929792831
0.656 -0.423488500882693 -0.412543106403092 -1.9118478917772 -1.95591191280244 17.1798477819195 15.439524801882 0.312887892190115 0.314887487793354
0.664 -0.438231960040892 -0.427694548610072 -1.77383480129997 -1.83173400322307 17.3164270263736 15.6005141946058 0.309441698776033 0.311525874872179
0.672 -0.451867390621602 -0.441847697897381 -1.63489643078409 -1.70637367867653 17.4112454876368 15.735257270692 0.30588207519648 0.308047037279364
0.68 -0.464388721479113 -0.45499392650792 -1.49536486297857 -1.58003777997048 17.4648212864855 15.8445413408712 0.302217912480158 0.304458996972465
0.688 -0.475792520455344 -0.467126235917149 -1.35556762636182 -1.45292673847829 17.4777742992517 15.9291806880292 0.298458139301541 0.30076983837998
0.696 -0.486077954726696 -0.478239204743087 -1.21582689512989 -1.32523437853048 17.45082260773 15.9900120493355 0.294595365334941 0.29698769557479
0.704 -0.495246744867054 -0.488328935218413 -1.07645871856982 -1.19714775534619 17.3847787057192 16.0278902515082 0.290670150887209 0.293120739870272
0.712 -0.503303112869628 -0.497392998503955 -0.937772281699102 -1.06884702722419 17.2805454787613 16.0436840128141 0.28667611370771 0.28917716784944
0.72 -0.510253724384846 -0.50543037911215 -0.800069198917615 -0.940505360610427 17.139111974158 16.0382719237602 0.282622130986233 0.285165189835321
0.728 -0.516107625444911 -0.512441418697689 -0.663642842280102 -0.812288866570422 16.9615489787874 16.0125386168071 0.278517016943244 0.281093018808645
0.736 -0.520876173957967 -0.518427759460412 -0.528777705855318 -0.684356567118167 16.7490044226165 15.9673711338317 0.274369504043322 0.276968859776911
0.744 -0.524572966265928 -0.523392287392913 -0.395748807493767 -0.556860389789993 16.5026986261014 15.9036554984974 0.270188224776271 0.27280089959701
0.752 -0.527213759070057 -0.527339075592181 -0.264821129179327 -0.429945188800553 16.2239194098996 15.822273499164 0.26598169404423 0.268597297251747
0.76 -0.528816387037168 -0.530273327841161 -0.136249096992042 -0.30374879107905 15.91401708547 15.7240996864917 0.261758292190637 0.264366174578927
0.768 -0.529400676406946 -0.532201322652362 -0.0102761015603674 -0.178402065456285 15.5743993452252 15.6099985884725 0.257526248704358 0.260115607450062
0.776 -0.528988354927328 -0.533130357951758 0.112865940268278 -0.0540290132566936 15.206526070912 15.4808221442675 0.253293626629722 0.25585361739428
0.784 -0.527602958450104 -0.533068696567193 0.232956981959035 0.0692531214562153 14.8119040788457 15.3374073569355 0.249068307710551 0.251588163661654
0.792 -0.525269734522936 -0.532025512671546 0.349789201592137 0.191333723728455 14.3920818204986 15.1805741639246 0.244857978293619 0.247327135718899
0.8 -0.522015543316878 -0.53001083931694 0.463167313652696 0.312108663391947 13.9486440567583 15.0111235230577 0.240670116014246 0.243078346169242
0.808 -0.517868756230129 -0.527035517182521 0.572908838169546 0.431480136279983 13.4832065239192 14.8298357106806 0.236511977284044 0.238849524087244
0.816 -0.512859152509313 -0.52311114464473 0.678844327208231 0.549356492662494 12.9974106091567 14.6374688276667 0.232390585598087 0.23464830875842
0.824 -0.507017814228956 -0.518250029265742 0.780817548863776 0.665652054543694 12.4929180528625 14.4347575080727 0.228312720676056 0.230482243812681
0.832 -0.500377019968131 -0.512465140782714 0.878685629036245 0.780286923419806 11.9714056947886 14.2224118244329 0.224255545678816 0.226358771739916
0.84 -0.492970137520413 -0.505770065667975 0.97231915140573 0.893186780043435 11.4345602804655 14.0011163829514 0.220281644797384 0.222285228775418
0.848 -0.484831515969465 -0.498178963318074 1.06160221615307 1.00428267768466 10.8840733438232 13.7715296012108 0.216369945992449 0.218268840142352
0.856 -0.475996377457671 -0.489706523917973 1.14643245809772 1.11351083031758 10.3216361813618 13.5342831604573 0.212526162412392 0.214316715638032
0.864 -0.466500708969403 -0.480367928015484 1.22672102504445 1.22081239709553 9.74893493259156 13.2899816240459 0.208755722285035 0.210435845550467
0.872 -0.456381154443696 -0.470178807830403 1.3023925172457 1.32613326440921 9.16764578078883 13.0392022132331 0.205063763232227 0.206633096891384
0.88 -0.445674907523397 -0.459155210312757 1.37338488899598 1.42942382675024 8.57943028741034 12.7824947311849 0.201455127445267 0.202915209931786
0.888 -0.434419605239344 -0.447313561955058 1.43964931347844 1.53063876752844 7.98593087276228 12.5203816258249 0.197934357714873 0.199288795026033
0.896 -0.422653222918728 -0.434670635354614 1.5011500120815 1.62973684091542 7.38876645474842 12.2533581819747 0.194505694307051 0.195760329710415
0.904 -0.410413970596706 -0.421243517513633 1.55786404949481 1.72668065571041 6.78952825671848 11.9818928331323 0.191173072673921 0.192336156062265
0.912 -0.397740191199515 -0.407049579857225 1.60978109597859 1.82143646214648 6.18977579461322 11.7064275831994 0.187940121986415 0.189022478305788
0.92 -0.384670260755845 -0.39210644994237 1.65690315827889 1.91397394247814 5.59103305275649 11.4273785284839 0.184810164473602 0.185825360650955
0.928 -0.371242490881191 -0.376431984824481 1.69924428073226 2.00426600611406 4.99478485678212 11.1451364703859 0.198011893601586 0.182750725352077
0.936 -0.35749503376727 -0.360044246042412 1.73683021816809 2.09228858998237 4.40247345130843 10.8600676093015 0.197036577783585 0.179804350972944
0.944 -0.343465789895484 -0.342961476177545 1.76969808227404 2.17802046474112 3.81549528908849 10.5725143104603 0.176066877220837 0.176991870845749
0.952 -0.329192318679917 -0.325202076937995 1.79789596314034 2.26144304737279 3.23519803747488 10.28279593263 0.173375996394178 0.174318771711415
0.96 -0.314711752231403 -0.306784588714939 1.82148252774186 2.34254022063052 2.662877807145 9.99120971088588 0.170800146774419 0.171790392529318
0.968 -0.300060712420019 -0.287727671554612 1.84052659715284 2.42129815973426 2.09977660714333 9.69803168493547 0.168340837835587 0.16941192344486
0.976 -0.28527523139885 -0.268050087486621 1.85510670431808 2.49770516664834 1.54708002941115 9.403517664818 0.165999288397269 0.167188404903795
0.984 -0.270390675737227 -0.24777068414679 1.86531063422623 2.57175151220799 1.00591516509716 9.10790422614832 0.163776431650192 0.165124726902716
0.992 -0.255441674296753 -0.226908379630889 1.87123494834582 2.64342928630093 0.477348754076782 8.81140972745224 0.161672920773813 0.163225628365591
