# x1 y1 x2 y2 x3 y3
1 0 NaN NaN NaN NaN
0.992114701314478 0.125333233564304 NaN NaN NaN NaN
0.968583161128631 0.248689887164855 NaN NaN NaN NaN
0.929776485888251 0.368124552684678 NaN NaN NaN NaN
0.876306680043864 0.481753674101715 NaN NaN NaN NaN
0.809016994374947 0.587785252292473 NaN NaN NaN NaN
0.728968627421412 0.684547105928689 NaN NaN NaN NaN
0.63742398974869 0.770513242775789 NaN NaN NaN NaN
0.535826794978997 0.844327925502015 NaN NaN NaN NaN
0.425779291565073 0.904827052466019 NaN NaN NaN NaN
0.309016994374948 0.951056516295154 NaN NaN NaN NaN
0.187381314585725 0.982287250728689 NaN NaN NaN NaN
0.0627905195293137 0.998026728428272 NaN NaN NaN NaN
-0.062790519529313 0.998026728428272 NaN NaN NaN NaN
-0.187381314585724 0.982287250728689 NaN NaN NaN NaN
-0.309016994374947 0.951056516295154 NaN NaN NaN NaN
-0.425779291565072 0.90482705246602 NaN NaN NaN NaN
-0.535826794978996 0.844327925502015 NaN NaN NaN NaN
-0.63742398974869 0.770513242775789 NaN NaN NaN NaN
-0.728968627421412 0.684547105928689 NaN NaN NaN NaN
-0.809016994374948 0.587785252292473 NaN NaN NaN NaN
-0.876306680043864 0.481753674101715 NaN NaN NaN NaN
-0.929776485888252 0.368124552684677 NaN NaN NaN NaN
-0.968583161128631 0.248689887164854 NaN NaN NaN NaN
-0.992114701314478 0.125333233564303 NaN NaN NaN NaN
-1 -1.20980699416795E-15 NaN NaN NaN NaN
-0.992114701314478 -0.125333233564306 NaN NaN NaN NaN
-0.968583161128631 -0.248689887164856 NaN NaN NaN NaN
-0.929776485888251 -0.36812455268468 NaN NaN NaN NaN
-0.876306680043863 -0.481753674101717 NaN NaN NaN NaN
-0.809016994374946 -0.587785252292475 NaN NaN NaN NaN
-0.72896862742141 -0.68454710592869 NaN NaN NaN NaN
-0.637423989748688 -0.77051324277579 NaN NaN NaN NaN
-0.535826794978995 -0.844327925502016 NaN NaN NaN NaN
-0.425779291565071 -0.90482705246602 NaN NaN NaN NaN
-0.309016994374945 -0.951056516295154 NaN NaN NaN NaN
-0.187381314585722 -0.982287250728689 NaN NaN NaN NaN
-0.0627905195293105 -0.998026728428272 NaN NaN NaN NaN
0.0627905195293164 -0.998026728428271 NaN NaN NaN NaN
0.187381314585728 -0.982287250728688 NaN NaN NaN NaN
0.309016994374951 -0.951056516295153 NaN NaN NaN NaN
0.425779291565076 -0.904827052466018 NaN NaN NaN NaN
0.535826794979 -0.844327925502013 NaN NaN NaN NaN
0.637423989748693 -0.770513242775787 NaN NaN NaN NaN
0.728968627421414 -0.684547105928686 NaN NaN NaN NaN
0.80901699437495 -0.58778525229247 NaN NaN NaN NaN
0.876306680043866 -0.481753674101711 NaN NaN NaN NaN
0.929776485888253 -0.368124552684674 NaN NaN NaN NaN
0.968583161128632 -0.24868988716485 NaN NaN NaN NaN
0.992114701314478 -0.125333233564299 NaN NaN NaN NaN
1 5.08414924743628E-15 NaN NaN NaN NaN
0.992114701314477 0.125333233564309 NaN NaN NaN NaN
0.96858316112863 0.24868988716486 NaN NaN NaN NaN
0.929776485888249 0.368124552684683 NaN NaN NaN NaN
0.876306680043861 0.48175367410172 NaN NaN NaN NaN
0.809016994374944 0.587785252292478 NaN NaN NaN NaN
0.728968627421407 0.684547105928693 NaN NaN NaN NaN
0.637423989748685 0.770513242775793 NaN NaN NaN NaN
0.535826794978991 0.844327925502019 NaN NaN NaN NaN
0.425779291565067 0.904827052466022 NaN NaN NaN NaN
0.309016994374941 0.951056516295156 NaN NaN NaN NaN
0.187381314585718 0.98228725072869 NaN NaN NaN NaN
0.0627905195293062 0.998026728428272 NaN NaN NaN NaN
-0.0627905195293207 0.998026728428271 NaN NaN NaN NaN
-0.187381314585732 0.982287250728687 NaN NaN NaN NaN
-0.309016994374954 0.951056516295151 NaN NaN NaN NaN
-0.425779291565078 0.904827052466017 NaN NaN NaN NaN
-0.535826794979001 0.844327925502012 NaN NaN NaN NaN
-0.637423989748693 0.770513242775786 NaN NaN NaN NaN
-0.728968627421414 0.684547105928686 NaN NaN NaN NaN
-0.809016994374949 0.587785252292471 NaN NaN NaN NaN
-0.876306680043865 0.481753674101713 NaN NaN NaN NaN
-0.929776485888252 0.368124552684676 NaN NaN NaN NaN
-0.968583161128631 0.248689887164854 NaN NaN NaN NaN
-0.992114701314478 0.125333233564304 NaN NaN NaN NaN
-1 3.67381906146713E-16 NaN NaN NaN NaN
-0.992114701314478 -0.125333233564303 NaN NaN NaN NaN
-0.968583161128632 -0.248689887164853 NaN NaN NaN NaN
-0.929776485888252 -0.368124552684676 NaN NaN NaN NaN
-0.876306680043865 -0.481753674101712 NaN NaN NaN NaN
-0.80901699437495 -0.58778525229247 NaN NaN NaN NaN
-0.728968627421415 -0.684547105928685 NaN NaN NaN NaN
-0.637423989748694 -0.770513242775786 NaN NaN NaN NaN
-0.535826794979002 -0.844327925502012 NaN NaN NaN NaN
-0.425779291565079 -0.904827052466017 NaN NaN NaN NaN
-0.309016994374955 -0.951056516295151 NaN NaN NaN NaN
-0.187381314585733 -0.982287250728687 NaN NaN NaN NaN
-0.0627905195293223 -0.998026728428271 NaN NaN NaN NaN
0.0627905195293037 -0.998026728428272 NaN NaN NaN NaN
0.187381314585714 -0.982287250728691 NaN NaN NaN NaN
0.309016994374937 -0.951056516295157 NaN NaN NaN NaN
0.425779291565062 -0.904827052466025 NaN NaN NaN NaN
0.535826794978986 -0.844327925502022 NaN NaN NaN NaN
0.63742398974868 -0.770513242775798 NaN NaN NaN NaN
0.728968627421402 -0.684547105928699 NaN NaN NaN NaN
0.809016994374939 -0.587785252292485 NaN NaN NaN NaN
0.876306680043856 -0.481753674101729 NaN NaN NaN NaN
0.929776485888245 -0.368124552684693 NaN NaN NaN NaN
0.968583161128627 -0.248689887164871 NaN NaN NaN NaN
0.992114701314476 -0.125333233564322 NaN NaN NaN NaN
1 -1.82534109355315E-14 NaN NaN NaN NaN
0.99211470131448 0.125333233564285 NaN NaN NaN NaN
0.968583161128636 0.248689887164836 NaN NaN NaN NaN
0.929776485888259 0.368124552684659 NaN NaN NaN NaN
0.876306680043874 0.481753674101697 NaN NaN NaN NaN
0.80901699437496 0.587785252292455 NaN NaN NaN NaN
0.728968627421427 0.684547105928672 NaN NaN NaN NaN
0.637423989748708 0.770513242775774 NaN NaN NaN NaN
0.535826794979017 0.844327925502002 NaN NaN NaN NaN
0.425779291565095 0.904827052466009 NaN NaN NaN NaN
0.309016994374972 0.951056516295146 NaN NaN NaN NaN
0.18738131458575 0.982287250728684 NaN NaN NaN NaN
0.0627905195293402 0.99802672842827 NaN NaN NaN NaN
-0.0627905195292859 0.998026728428273 NaN NaN NaN NaN
-0.187381314585697 0.982287250728694 NaN NaN NaN NaN
-0.30901699437492 0.951056516295163 NaN NaN NaN NaN
-0.425779291565046 0.904827052466032 NaN NaN NaN NaN
-0.535826794978971 0.844327925502031 NaN NaN NaN NaN
-0.637423989748666 0.770513242775809 NaN NaN NaN NaN
-0.72896862742139 0.684547105928712 NaN NaN NaN NaN
-0.809016994374928 0.587785252292499 NaN NaN NaN NaN
-0.876306680043848 0.481753674101744 NaN NaN NaN NaN
-0.929776485888239 0.36812455268471 NaN NaN NaN NaN
-0.968583161128623 0.248689887164888 NaN NaN NaN NaN
-0.992114701314473 0.125333233564339 NaN NaN NaN NaN
-1 3.61394399649162E-14 NaN NaN NaN NaN
-0.992114701314482 -0.125333233564268 NaN NaN NaN NaN
-0.968583161128641 -0.248689887164818 NaN NaN NaN NaN
-0.929776485888265 -0.368124552684642 NaN NaN NaN NaN
-0.876306680043882 -0.481753674101681 NaN NaN NaN NaN
-0.809016994374971 -0.587785252292441 NaN NaN NaN NaN
-0.728968627421439 -0.684547105928659 NaN NaN NaN NaN
-0.637423989748721 -0.770513242775763 NaN NaN NaN NaN
-0.535826794979032 -0.844327925501993 NaN NaN NaN NaN
-0.425779291565111 -0.904827052466001 NaN NaN NaN NaN
-0.309016994374989 -0.95105651629514 NaN NaN NaN NaN
-0.187381314585768 -0.98228725072868 NaN NaN NaN NaN
-0.062790519529358 -0.998026728428269 NaN NaN NaN NaN
0.062790519529268 -0.998026728428274 NaN NaN NaN NaN
0.187381314585679 -0.982287250728697 NaN NaN NaN NaN
0.309016994374903 -0.951056516295168 NaN NaN NaN NaN
0.42577929156503 -0.90482705246604 NaN NaN NaN NaN
0.535826794978956 -0.844327925502041 NaN NaN NaN NaN
0.637423989748652 -0.77051324277582 NaN NaN NaN NaN
0.728968627421377 -0.684547105928725 NaN NaN NaN NaN
0.809016994374918 -0.587785252292514 NaN NaN NaN NaN
0.876306680043839 -0.48175367410176 NaN NaN NaN NaN
0.929776485888232 -0.368124552684726 NaN NaN NaN NaN
0.968583161128618 -0.248689887164906 NaN NaN NaN NaN
0.992114701314471 -0.125333233564357 NaN NaN NaN NaN
1 -5.40254689943009E-14 NaN NaN NaN NaN
0.992114701314485 0.12533323356425 NaN NaN NaN NaN
0.968583161128645 0.248689887164801 NaN NaN NaN NaN
0.929776485888272 0.368124552684626 NaN NaN NaN NaN
0.876306680043891 0.481753674101665 NaN NaN NaN NaN
0.809016994374981 0.587785252292427 NaN NaN NaN NaN
0.728968627421451 0.684547105928646 NaN NaN NaN NaN
0.637423989748735 0.770513242775752 NaN NaN NaN NaN
0.535826794979047 0.844327925501983 NaN NaN NaN NaN
0.425779291565127 0.904827052465994 NaN NaN NaN NaN
0.309016994375006 0.951056516295135 NaN NaN NaN NaN
0.187381314585785 0.982287250728677 NaN NaN NaN NaN
0.0627905195293759 0.998026728428268 NaN NaN NaN NaN
-0.0627905195292502 0.998026728428276 NaN NaN NaN NaN
-0.187381314585662 0.982287250728701 NaN NaN NaN NaN
-0.309016994374886 0.951056516295174 NaN NaN NaN NaN
-0.425779291565013 0.904827052466047 NaN NaN NaN NaN
-0.535826794978941 0.84432792550205 NaN NaN NaN NaN
-0.637423989748638 0.770513242775832 NaN NaN NaN NaN
-0.728968627421365 0.684547105928738 NaN NaN NaN NaN
-0.809016994374907 0.587785252292528 NaN NaN NaN NaN
-0.87630668004383 0.481753674101776 NaN NaN NaN NaN
-0.929776485888226 0.368124552684743 NaN NaN NaN NaN
-0.968583161128614 0.248689887164923 NaN NaN NaN NaN
-0.992114701314469 0.125333233564375 NaN NaN NaN NaN
-1 7.19114980236857E-14 NaN NaN NaN NaN
-0.992114701314487 -0.125333233564232 NaN NaN NaN NaN
-0.968583161128649 -0.248689887164784 NaN NaN NaN NaN
-0.929776485888279 -0.368124552684609 NaN NaN NaN NaN
-0.8763066800439 -0.48175367410165 NaN NaN NaN NaN
-0.809016994374992 -0.587785252292412 NaN NaN NaN NaN
-0.728968627421464 -0.684547105928633 NaN NaN NaN NaN
-0.637423989748749 -0.77051324277574 NaN NaN NaN NaN
-0.535826794979062 -0.844327925501973 NaN NaN NaN NaN
-0.425779291565144 -0.904827052465986 NaN NaN NaN NaN
-0.309016994375023 -0.951056516295129 NaN NaN NaN NaN
-0.187381314585803 -0.982287250728674 NaN NaN NaN NaN
-0.0627905195293937 -0.998026728428267 NaN NaN NaN NaN
0.0627905195292323 -0.998026728428277 NaN NaN NaN NaN
0.187381314585644 -0.982287250728704 NaN NaN NaN NaN
0.309016994374869 -0.951056516295179 NaN NaN NaN NaN
0.425779291564997 -0.904827052466055 NaN NaN NaN NaN
0.535826794978926 -0.84432792550206 NaN NaN NaN NaN
0.637423989748624 -0.770513242775843 NaN NaN NaN NaN
0.728968627421353 -0.684547105928751 NaN NaN NaN NaN
0.809016994374897 -0.587785252292543 NaN NaN NaN NaN
0.876306680043822 -0.481753674101791 NaN NaN NaN NaN
0.929776485888219 -0.368124552684759 NaN NaN NaN NaN
0.968583161128609 -0.24868988716494 NaN NaN NaN NaN
0.992114701314467 -0.125333233564393 NaN NaN NaN NaN
1 -8.97975270530704E-14 NaN NaN NaN NaN
0.992114701314489 0.125333233564214 NaN NaN NaN NaN
0.968583161128654 0.248689887164766 NaN NaN NaN NaN
0.929776485888285 0.368124552684592 NaN NaN NaN NaN
0.876306680043908 0.481753674101634 NaN NaN NaN NaN
0.809016994375002 0.587785252292398 NaN NaN NaN NaN
0.728968627421476 0.68454710592862 NaN NaN NaN NaN
0.637423989748763 0.770513242775729 NaN NaN NaN NaN
0.535826794979077 0.844327925501964 NaN NaN NaN NaN
0.42577929156516 0.904827052465978 NaN NaN NaN NaN
0.30901699437504 0.951056516295124 NaN NaN NaN NaN
0.187381314585821 0.98228725072867 NaN NaN NaN NaN
0.0627905195294116 0.998026728428265 NaN NaN NaN NaN
-0.0627905195292145 0.998026728428278 NaN NaN NaN NaN
-0.187381314585627 0.982287250728707 NaN NaN NaN NaN
-0.309016994374852 0.951056516295185 NaN NaN NaN NaN
-0.425779291564981 0.904827052466063 NaN NaN NaN NaN
-0.535826794978911 0.84432792550207 NaN NaN NaN NaN
-0.637423989748611 0.770513242775855 NaN NaN NaN NaN
-0.728968627421341 0.684547105928764 NaN NaN NaN NaN
-0.809016994374886 0.587785252292557 NaN NaN NaN NaN
-0.876306680043813 0.481753674101807 NaN NaN NaN NaN
-0.929776485888213 0.368124552684776 NaN NaN NaN NaN
-0.968583161128605 0.248689887164958 NaN NaN NaN NaN
-0.992114701314464 0.12533323356441 NaN NaN NaN NaN
-1 1.07683556082455E-13 NaN NaN NaN NaN
-0.992114701314491 -0.125333233564197 NaN NaN NaN NaN
-0.968583161128658 -0.248689887164749 NaN NaN NaN NaN
-0.929776485888292 -0.368124552684576 NaN NaN NaN NaN
-0.876306680043917 -0.481753674101618 NaN NaN NaN NaN
-0.809016994375013 -0.587785252292383 NaN NaN NaN NaN
-0.728968627421488 -0.684547105928607 NaN NaN NaN NaN
-0.637423989748777 -0.770513242775717 NaN NaN NaN NaN
-0.535826794979092 -0.844327925501954 NaN NaN NaN NaN
-0.425779291565176 -0.904827052465971 NaN NaN NaN NaN
-0.309016994375057 -0.951056516295118 NaN NaN NaN NaN
-0.187381314585838 -0.982287250728667 NaN NaN NaN NaN
-0.0627905195294294 -0.998026728428264 NaN NaN NaN NaN
0.0627905195291966 -0.998026728428279 NaN NaN NaN NaN
0.187381314585609 -0.982287250728711 NaN NaN NaN NaN
0.309016994374835 -0.95105651629519 NaN NaN NaN NaN
0.425779291564965 -0.90482705246607 NaN NaN NaN NaN
0.535826794978895 -0.844327925502079 NaN NaN NaN NaN
0.637423989748597 -0.770513242775866 NaN NaN NaN NaN
0.728968627421329 -0.684547105928777 NaN NaN NaN NaN
0.809016994374876 -0.587785252292572 NaN NaN NaN NaN
0.876306680043805 -0.481753674101823 NaN NaN NaN NaN
0.929776485888206 -0.368124552684793 NaN NaN NaN NaN
0.9685831611286 -0.248689887164975 NaN NaN NaN NaN
0.992114701314462 -0.125333233564428 NaN NaN NaN NaN
1 -1.2556958511184E-13 NaN NaN NaN NaN
0.992114701314494 0.125333233564179 NaN NaN NaN NaN
0.968583161128663 0.248689887164732 NaN NaN NaN NaN
0.929776485888298 0.368124552684559 NaN NaN NaN NaN
0.876306680043925 0.481753674101603 NaN NaN NaN NaN
0.809016994375021 0.587785252292372 NaN NaN NaN NaN
0.728968627421498 0.684547105928597 NaN NaN NaN NaN
0.637423989748788 0.770513242775708 NaN NaN NaN NaN
0.535826794979104 0.844327925501947 NaN NaN NaN NaN
0.425779291565189 0.904827052465965 NaN NaN NaN NaN
0.30901699437507 0.951056516295114 NaN NaN NaN NaN
0.187381314585852 0.982287250728664 NaN NaN NaN NaN
0.0627905195294437 0.998026728428263 NaN NaN NaN NaN
-0.0627905195291823 0.99802672842828 NaN NaN NaN NaN
-0.187381314585595 0.982287250728713 NaN NaN NaN NaN
-0.309016994374821 0.951056516295195 NaN NaN NaN NaN
-0.425779291564952 0.904827052466076 NaN NaN NaN NaN
-0.535826794978883 0.844327925502087 NaN NaN NaN NaN
-0.637423989748586 0.770513242775875 NaN NaN NaN NaN
-0.728968627421319 0.684547105928788 NaN NaN NaN NaN
-0.809016994374867 0.587785252292583 NaN NaN NaN NaN
-0.876306680043798 0.481753674101835 NaN NaN NaN NaN
-0.929776485888201 0.368124552684806 NaN NaN NaN NaN
-0.968583161128597 0.248689887164989 NaN NaN NaN NaN
-0.99211470131446 0.125333233564442 NaN NaN NaN NaN
-1 1.39902900462424E-13 NaN NaN NaN NaN
-0.992114701314495 -0.125333233564165 NaN NaN NaN NaN
-0.968583161128666 -0.248689887164718 NaN NaN NaN NaN
-0.929776485888304 -0.368124552684546 NaN NaN NaN NaN
-0.876306680043932 -0.48175367410159 NaN NaN NaN NaN
-0.809016994375032 -0.587785252292357 NaN NaN NaN NaN
-0.72896862742151 -0.684547105928584 NaN NaN NaN NaN
-0.637423989748801 -0.770513242775697 NaN NaN NaN NaN
-0.53582679497912 -0.844327925501937 NaN NaN NaN NaN
-0.425779291565205 -0.904827052465957 NaN NaN NaN NaN
-0.309016994375087 -0.951056516295108 NaN NaN NaN NaN
-0.18738131458587 -0.982287250728661 NaN NaN NaN NaN
-0.0627905195294616 -0.998026728428262 NaN NaN NaN NaN
0.0627905195291645 -0.998026728428281 NaN NaN NaN NaN
0.187381314585577 -0.982287250728717 NaN NaN NaN NaN
0.309016994374804 -0.9510565162952 NaN NaN NaN NaN
0.425779291564936 -0.904827052466084 NaN NaN NaN NaN
0.535826794978868 -0.844327925502097 NaN NaN NaN NaN
0.637423989748572 -0.770513242775887 NaN NaN NaN NaN
0.728968627421306 -0.684547105928801 NaN NaN NaN NaN
0.809016994374857 -0.587785252292598 NaN NaN NaN NaN
0.876306680043789 -0.481753674101851 NaN NaN NaN NaN
0.929776485888194 -0.368124552684823 NaN NaN NaN NaN
0.968583161128592 -0.248689887165006 NaN NaN NaN NaN
0.992114701314458 -0.12533323356446 NaN NaN NaN NaN
1 -1.57788929491809E-13 NaN NaN NaN NaN
0.992114701314498 0.125333233564147 NaN NaN NaN NaN
0.968583161128671 0.248689887164701 NaN NaN NaN NaN
0.92977648588831 0.368124552684529 NaN NaN NaN NaN
0.876306680043941 0.481753674101574 NaN NaN NaN NaN
0.809016994375042 0.587785252292343 NaN NaN NaN NaN
0.728968627421522 0.68454710592857 NaN NaN NaN NaN
0.637423989748815 0.770513242775685 NaN NaN NaN NaN
0.535826794979135 0.844327925501927 NaN NaN NaN NaN
0.425779291565221 0.90482705246595 NaN NaN NaN NaN
0.309016994375104 0.951056516295103 NaN NaN NaN NaN
0.187381314585887 0.982287250728658 NaN NaN NaN NaN
0.0627905195294794 0.998026728428261 NaN NaN NaN NaN
-0.0627905195291466 0.998026728428282 NaN NaN NaN NaN
-0.18738131458556 0.98228725072872 NaN NaN NaN NaN
-0.309016994374787 0.951056516295206 NaN NaN NaN NaN
-0.42577929156492 0.904827052466092 NaN NaN NaN NaN
-0.535826794978853 0.844327925502106 NaN NaN NaN NaN
-0.637423989748558 0.770513242775898 NaN NaN NaN NaN
-0.728968627421294 0.684547105928814 NaN NaN NaN NaN
-0.809016994374846 0.587785252292612 NaN NaN NaN NaN
-0.87630668004378 0.481753674101867 NaN NaN NaN NaN
-0.929776485888188 0.368124552684839 NaN NaN NaN NaN
-0.968583161128588 0.248689887165024 NaN NaN NaN NaN
-0.992114701314456 0.125333233564478 NaN NaN NaN NaN
-1 1.75674958521194E-13 NaN NaN NaN NaN
-0.9921147013145 -0.125333233564129 NaN NaN NaN NaN
-0.968583161128675 -0.248689887164683 NaN NaN NaN NaN
-0.929776485888317 -0.368124552684513 NaN NaN NaN NaN
-0.87630668004395 -0.481753674101559 NaN NaN NaN NaN
-0.809016994375053 -0.587785252292328 NaN NaN NaN NaN
-0.728968627421535 -0.684547105928557 NaN NaN NaN NaN
-0.637423989748829 -0.770513242775674 NaN NaN NaN NaN
-0.53582679497915 -0.844327925501918 NaN NaN NaN NaN
-0.425779291565237 -0.904827052465942 NaN NaN NaN NaN
-0.309016994375121 -0.951056516295097 NaN NaN NaN NaN
-0.187381314585905 -0.982287250728654 NaN NaN NaN NaN
-0.0627905195294973 -0.99802672842826 NaN NaN NaN NaN
0.0627905195291288 -0.998026728428283 NaN NaN NaN NaN
0.187381314585542 -0.982287250728723 NaN NaN NaN NaN
0.30901699437477 -0.951056516295211 NaN NaN NaN NaN
0.425779291564903 -0.904827052466099 NaN NaN NaN NaN
0.535826794978838 -0.844327925502116 NaN NaN NaN NaN
0.637423989748544 -0.770513242775909 NaN NaN NaN NaN
0.728968627421282 -0.684547105928827 NaN NaN NaN NaN
0.809016994374836 -0.587785252292627 NaN NaN NaN NaN
0.876306680043772 -0.481753674101882 NaN NaN NaN NaN
0.929776485888181 -0.368124552684856 NaN NaN NaN NaN
0.968583161128583 -0.248689887165041 NaN NaN NaN NaN
0.992114701314454 -0.125333233564496 NaN NaN NaN NaN
1 -1.93560987550578E-13 NaN NaN NaN NaN
0.992114701314502 0.125333233564111 NaN NaN NaN NaN
0.96858316112868 0.248689887164666 NaN NaN NaN NaN
0.929776485888323 0.368124552684496 NaN NaN NaN NaN
0.876306680043958 0.481753674101543 NaN NaN NaN NaN
0.809016994375063 0.587785252292314 NaN NaN NaN NaN
0.728968627421547 0.684547105928544 NaN NaN NaN NaN
0.637423989748843 0.770513242775663 NaN NaN NaN NaN
0.535826794979165 0.844327925501908 NaN NaN NaN NaN
0.425779291565254 0.904827052465934 NaN NaN NaN NaN
0.309016994375138 0.951056516295092 NaN NaN NaN NaN
0.187381314585922 0.982287250728651 NaN NaN NaN NaN
0.0627905195295151 0.998026728428259 NaN NaN NaN NaN
-0.0627905195291109 0.998026728428284 NaN NaN NaN NaN
-0.187381314585525 0.982287250728727 NaN NaN NaN NaN
-0.309016994374753 0.951056516295217 NaN NaN NaN NaN
-0.425779291564887 0.904827052466107 NaN NaN NaN NaN
-0.535826794978823 0.844327925502125 NaN NaN NaN NaN
-0.637423989748531 0.770513242775921 NaN NaN NaN NaN
-0.72896862742127 0.68454710592884 NaN NaN NaN NaN
-0.809016994374825 0.587785252292641 NaN NaN NaN NaN
-0.876306680043763 0.481753674101898 NaN NaN NaN NaN
-0.929776485888174 0.368124552684873 NaN NaN NaN NaN
-0.968583161128579 0.248689887165058 NaN NaN NaN NaN
-0.992114701314451 0.125333233564513 NaN NaN NaN NaN
-1 2.11447016579963E-13 NaN NaN NaN NaN
-0.992114701314504 -0.125333233564094 NaN NaN NaN NaN
-0.968583161128684 -0.248689887164649 NaN NaN NaN NaN
-0.92977648588833 -0.368124552684479 NaN NaN NaN NaN
-0.876306680043967 -0.481753674101527 NaN NaN NaN NaN
-0.809016994375074 -0.587785252292299 NaN NaN NaN NaN
-0.728968627421559 -0.684547105928531 NaN NaN NaN NaN
-0.637423989748857 -0.770513242775651 NaN NaN NaN NaN
-0.53582679497918 -0.844327925501899 NaN NaN NaN NaN
-0.42577929156527 -0.904827052465927 NaN NaN NaN NaN
-0.309016994375155 -0.951056516295086 NaN NaN NaN NaN
-0.18738131458594 -0.982287250728648 NaN NaN NaN NaN
-0.062790519529533 -0.998026728428258 NaN NaN NaN NaN
0.0627905195290931 -0.998026728428285 NaN NaN NaN NaN
0.187381314585507 -0.98228725072873 NaN NaN NaN NaN
0.309016994374736 -0.951056516295222 NaN NaN NaN NaN
0.425779291564871 -0.904827052466114 NaN NaN NaN NaN
0.535826794978808 -0.844327925502135 NaN NaN NaN NaN
0.637423989748517 -0.770513242775932 NaN NaN NaN NaN
0.728968627421257 -0.684547105928853 NaN NaN NaN NaN
0.809016994374815 -0.587785252292656 NaN NaN NaN NaN
0.876306680043754 -0.481753674101914 NaN NaN NaN NaN
0.929776485888168 -0.368124552684889 NaN NaN NaN NaN
0.968583161128574 -0.248689887165076 NaN NaN NaN NaN
0.992114701314449 -0.125333233564531 NaN NaN NaN NaN
1 -2.29333045609348E-13 NaN NaN NaN NaN
0.992114701314507 0.125333233564076 NaN NaN NaN NaN
0.968583161128688 0.248689887164631 NaN NaN NaN NaN
0.929776485888337 0.368124552684463 NaN NaN NaN NaN
0.876306680043975 0.481753674101512 NaN NaN NaN NaN
0.809016994375084 0.587785252292285 NaN NaN NaN NaN
0.728968627421571 0.684547105928518 NaN NaN NaN NaN
0.63742398974887 0.77051324277564 NaN NaN NaN NaN
0.535826794979195 0.844327925501889 NaN NaN NaN NaN
0.425779291565286 0.904827052465919 NaN NaN NaN NaN
0.309016994375172 0.95105651629508 NaN NaN NaN NaN
0.187381314585958 0.982287250728644 NaN NaN NaN NaN
0.0627905195295508 0.998026728428257 NaN NaN NaN NaN
-0.0627905195290752 0.998026728428287 NaN NaN NaN NaN
-0.18738131458549 0.982287250728734 NaN NaN NaN NaN
-0.309016994374719 0.951056516295228 NaN NaN NaN NaN
-0.425779291564855 0.904827052466122 NaN NaN NaN NaN
-0.535826794978793 0.844327925502145 NaN NaN NaN NaN
-0.637423989748503 0.770513242775944 NaN NaN NaN NaN
-0.728968627421245 0.684547105928866 NaN NaN NaN NaN
-0.809016994374804 0.58778525229267 NaN NaN NaN NaN
-0.876306680043746 0.481753674101929 NaN NaN NaN NaN
-0.929776485888161 0.368124552684906 NaN NaN NaN NaN
-0.96858316112857 0.248689887165093 NaN NaN NaN NaN
-0.992114701314447 0.125333233564549 NaN NaN NaN NaN
-1 2.47219074638733E-13 NaN NaN NaN NaN
-0.992114701314509 -0.125333233564058 NaN NaN NaN NaN
-0.968583161128693 -0.248689887164614 NaN NaN NaN NaN
-0.929776485888343 -0.368124552684446 NaN NaN NaN NaN
-0.876306680043984 -0.481753674101496 NaN NaN NaN NaN
-0.809016994375095 -0.58778525229227 NaN NaN NaN NaN
-0.728968627421584 -0.684547105928505 NaN NaN NaN NaN
-0.637423989748884 -0.770513242775628 NaN NaN NaN NaN
-0.53582679497921 -0.84432792550188 NaN NaN NaN NaN
-0.425779291565302 -0.904827052465912 NaN NaN NaN NaN
-0.309016994375189 -0.951056516295075 NaN NaN NaN NaN
-0.187381314585975 -0.982287250728641 NaN NaN NaN NaN
-0.0627905195295687 -0.998026728428255 NaN NaN NaN NaN
0.0627905195290574 -0.998026728428288 NaN NaN NaN NaN
0.187381314585472 -0.982287250728737 NaN NaN NaN NaN
0.309016994374702 -0.951056516295233 NaN NaN NaN NaN
0.425779291564839 -0.90482705246613 NaN NaN NaN NaN
0.535826794978778 -0.844327925502154 NaN NaN NaN NaN
0.637423989748489 -0.770513242775955 NaN NaN NaN NaN
0.728968627421233 -0.684547105928879 NaN NaN NaN NaN
0.809016994374794 -0.587785252292685 NaN NaN NaN NaN
0.876306680043737 -0.481753674101945 NaN NaN NaN NaN
0.929776485888155 -0.368124552684922 NaN NaN NaN NaN
0.968583161128566 -0.24868988716511 NaN NaN NaN NaN
0.992114701314445 -0.125333233564567 NaN NaN NaN NaN
1 -2.65105103668117E-13 NaN NaN NaN NaN
0.992114701314511 0.125333233564041 NaN NaN NaN NaN
0.968583161128697 0.248689887164597 NaN NaN NaN NaN
0.92977648588835 0.368124552684429 NaN NaN NaN NaN
0.876306680043993 0.48175367410148 NaN NaN NaN NaN
0.809016994375105 0.587785252292256 NaN NaN NaN NaN
0.728968627421596 0.684547105928492 NaN NaN NaN NaN
0.637423989748898 0.770513242775617 NaN NaN NaN NaN
0.535826794979225 0.84432792550187 NaN NaN NaN NaN
0.425779291565318 0.904827052465904 NaN NaN NaN NaN
0.309016994375206 0.951056516295069 NaN NaN NaN NaN
0.187381314585993 0.982287250728638 NaN NaN NaN NaN
0.0627905195295865 0.998026728428254 NaN NaN NaN NaN
-0.0627905195290395 0.998026728428289 NaN NaN NaN NaN
-0.187381314585454 0.98228725072874 NaN NaN NaN NaN
-0.309016994374685 0.951056516295239 NaN NaN NaN NaN
-0.425779291564822 0.904827052466137 NaN NaN NaN NaN
-0.535826794978763 0.844327925502164 NaN NaN NaN NaN
-0.637423989748475 0.770513242775966 NaN NaN NaN NaN
-0.728968627421221 0.684547105928892 NaN NaN NaN NaN
-0.809016994374783 0.587785252292699 NaN NaN NaN NaN
-0.876306680043729 0.481753674101961 NaN NaN NaN NaN
-0.929776485888148 0.368124552684939 NaN NaN NaN NaN
-0.968583161128561 0.248689887165127 NaN NaN NaN NaN
-0.992114701314442 0.125333233564584 NaN NaN NaN NaN
-1 2.82991132697502E-13 NaN NaN NaN NaN
-0.992114701314513 -0.125333233564023 NaN NaN NaN NaN
-0.968583161128702 -0.248689887164579 NaN NaN NaN NaN
-0.929776485888356 -0.368124552684413 NaN NaN NaN NaN
-0.876306680044001 -0.481753674101465 NaN NaN NaN NaN
-0.809016994375116 -0.587785252292241 NaN NaN NaN NaN
-0.728968627421608 -0.684547105928479 NaN NaN NaN NaN
-0.637423989748912 -0.770513242775606 NaN NaN NaN NaN
-0.53582679497924 -0.84432792550186 NaN NaN NaN NaN
-0.425779291565335 -0.904827052465896 NaN NaN NaN NaN
-0.309016994375223 -0.951056516295064 NaN NaN NaN NaN
-0.18738131458601 -0.982287250728634 NaN NaN NaN NaN
-0.0627905195296044 -0.998026728428253 NaN NaN NaN NaN
0.0627905195290217 -0.99802672842829 NaN NaN NaN NaN
0.187381314585437 -0.982287250728744 NaN NaN NaN NaN
0.309016994374668 -0.951056516295244 NaN NaN NaN NaN
0.425779291564806 -0.904827052466145 NaN NaN NaN NaN
0.535826794978747 -0.844327925502173 NaN NaN NaN NaN
0.637423989748462 -0.770513242775978 NaN NaN NaN NaN
0.728968627421208 -0.684547105928905 NaN NaN NaN NaN
0.809016994374773 -0.587785252292714 NaN NaN NaN NaN
0.87630668004372 -0.481753674101976 NaN NaN NaN NaN
0.929776485888141 -0.368124552684956 NaN NaN NaN NaN
0.968583161128557 -0.248689887165145 NaN NaN NaN NaN
0.99211470131444 -0.125333233564602 NaN NaN NaN NaN
1 -3.00877161726887E-13 NaN NaN NaN NaN
1 -2.44921270764475E-15 NaN NaN NaN NaN
NaN NaN 1 0 NaN NaN
NaN NaN 1.05813751089535 0.132960413446825 NaN NaN
NaN NaN 1.10563619078604 0.282315269126816 NaN NaN
NaN NaN 1.13903660214782 0.448355077557412 NaN NaN
NaN NaN 1.15415633225924 0.630518477982201 NaN NaN
NaN NaN 1.1461610230539 0.826937345003607 NaN NaN
NaN NaN 1.10981481127083 1.0338995493734 NaN NaN
NaN NaN 1.03999645781413 1.24531425291374 NaN NaN
NaN NaN 0.932544358760723 1.4523517879173 NaN NaN
NaN NaN 0.785406719904354 1.64351954234154 NaN NaN
NaN NaN 0.599906808191247 1.80546133707622 NaN NaN
NaN NaN 0.381727288513506 1.92463663977151 NaN NaN
NaN NaN 0.141099009109332 1.9896963815805 NaN NaN
NaN NaN -0.108184170108841 1.9939275923369 NaN NaN
NaN NaN -0.350859354220209 1.93687693466183 NaN NaN
NaN NaN -0.572787567286814 1.82446525192839 NaN NaN
NaN NaN -0.763163210824723 1.66754203782668 NaN NaN
NaN NaN -0.91566834244072 1.47949975353275 NaN NaN
NaN NaN -1.0284297583941 1.2738415000936 NaN NaN
NaN NaN -1.10311286724914 1.06238477879009 NaN NaN
NaN NaN -1.14366677340876 0.854344580347338 NaN NaN
NaN NaN -1.15514203130374 0.656174105516491 NaN NaN
NaN NaN -1.14279911641861 0.471882204970815 NaN NaN
NaN NaN -1.11154960175805 0.303556688156879 NaN NaN
NaN NaN -1.06567431696731 0.151908189926732 NaN NaN
NaN NaN -1.00873267616939 0.016739088069025 NaN NaN
NaN NaN -0.943585065221349 -0.102694161062297 NaN NaN
NaN NaN -0.872471185636138 -0.20742164321926 NaN NaN
NaN NaN -0.797108201488129 -0.298585285930097 NaN NaN
NaN NaN -0.718788515464477 -0.377327611379932 NaN NaN
NaN NaN -0.638467524115837 -0.444725097329913 NaN NaN
NaN NaN -0.556837922767586 -0.501751358416696 NaN NaN
NaN NaN -0.474390446756663 -0.549259355398189 NaN NaN
NaN NaN -0.391462482823019 -0.58797512751562 NaN NaN
NaN NaN -0.308276542808582 -0.61849801091373 NaN NaN
NaN NaN -0.224970647227603 -0.641304057009003 NaN NaN
NaN NaN -0.141622500339182 -0.656750560468576 NaN NaN
NaN NaN -0.0582691042009374 -0.665080401233808 NaN NaN
NaN NaN 0.0250767652571145 -0.666425424281372 NaN NaN
NaN NaN 0.108411975227911 -0.660808419893694 NaN NaN
NaN NaN 0.191729217573032 -0.648143497141552 NaN NaN
NaN NaN 0.275002875506751 -0.628234818548406 NaN NaN
NaN NaN 0.358173476419566 -0.600773830150996 NaN NaN
NaN NaN 0.441129544213245 -0.565335322514912 NaN NaN
NaN NaN 0.523685512409771 -0.521372944530625 NaN NaN
NaN NaN 0.605554153250532 -0.468215226041398 NaN NaN
NaN NaN 0.686311744221314 -0.405063831587697 NaN NaN
NaN NaN 0.765353989733999 -0.330996777819548 NaN NaN
NaN NaN 0.841840658902091 -0.244980843899925 NaN NaN
NaN NaN 0.91462721067216 -0.145899549442269 NaN NaN
NaN NaN 0.982182744748697 -0.0326060062501039 NaN NaN
NaN NaN 1.0424960859644 0.095986329197895 NaN NaN
NaN NaN 1.09297666235653 0.240757839227299 NaN NaN
NaN NaN 1.13036538396465 0.40216134737836 NaN NaN
NaN NaN 1.15068431793132 0.57990479144646 NaN NaN
NaN NaN 1.14927301293243 0.772526463909122 NaN NaN
NaN NaN 1.12098120730138 0.97687681177466 NaN NaN
NaN NaN 1.06060303645498 1.18757200508632 NaN NaN
NaN NaN 0.96362695872105 1.39656482595278 NaN NaN
NaN NaN 0.827309317582348 1.59307143509898 NaN NaN
NaN NaN 0.651934854390533 1.76414475621322 NaN NaN
NaN NaN 0.441924518112279 1.8961068091181 NaN NaN
NaN NaN 0.206291781578873 1.97676983215575 NaN NaN
NaN NaN -0.041999619856009 1.99794003372593 NaN NaN
NaN NaN -0.287858093328279 1.95735197468219 NaN NaN
NaN NaN -0.516598519670985 1.85923905278657 NaN NaN
NaN NaN -0.716338473122128 1.71328690860662 NaN NaN
NaN NaN -0.879482307125026 1.5324265129004 NaN NaN
NaN NaN -1.00299334495744 1.33033459375791 NaN NaN
NaN NaN -1.08767904640311 1.11941885473574 NaN NaN
NaN NaN -1.13698477010046 0.909656844942094 NaN NaN
NaN NaN -1.15576144515716 0.708250326423457 NaN NaN
NaN NaN -1.14928327667741 0.519838823175788 NaN NaN
NaN NaN -1.12259941667363 0.346987599484581 NaN NaN
NaN NaN -1.08018335455814 0.190738393986126 NaN NaN
NaN NaN -1.02579762641271 0.0511043305221879 NaN NaN
NaN NaN -0.962491466366525 -0.0725374366732011 NaN NaN
NaN NaN -0.892668084676159 -0.181159140377155 NaN NaN
NaN NaN -0.81817997901407 -0.275886216691186 NaN NaN
NaN NaN -0.740428219150273 -0.357870390268562 NaN NaN
NaN NaN -0.660453609856593 -0.428212248984961 NaN NaN
NaN NaN -0.579014914863458 -0.487917349756012 NaN NaN
NaN NaN -0.496653323580643 -0.53787400495325 NaN NaN
NaN NaN -0.413744290949555 -0.578844409104087 NaN NaN
NaN NaN -0.330538655672276 -0.611463456953837 NaN NaN
NaN NaN -0.247195102348975 -0.63624153986246 NaN NaN
NaN NaN -0.163805908956463 -0.653568942293553 NaN NaN
NaN NaN -0.0804176953939126 -0.663720353386008 NaN NaN
NaN NaN 0.00295134364345157 -0.666858594415091 NaN NaN
NaN NaN 0.0862964317817242 -0.663037044688863 NaN NaN
NaN NaN 0.169612275205873 -0.652200503173358 NaN NaN
NaN NaN 0.252879111685295 -0.634184409233887 NaN NaN
NaN NaN 0.336047658158555 -0.608712510700125 NaN NaN
NaN NaN 0.419021802513719 -0.575393254836272 NaN NaN
NaN NaN 0.501637751439797 -0.533715435193042 NaN NaN
NaN NaN 0.58363815495724 -0.483044013226901 NaN NaN
NaN NaN 0.664639500278116 -0.422617625232512 NaN NaN
NaN NaN 0.744090850076996 -0.351550185889473 NaN NaN
NaN NaN 0.821221890083225 -0.268840343248536 NaN NaN
NaN NaN 0.894978434019088 -0.173394484285597 NaN NaN
NaN NaN 0.963944344608993 -0.0640716858402059 NaN NaN
NaN NaN 1.02625083139068 0.0602374917953945 NaN NaN
NaN NaN 1.07947815871691 0.20048239857702 NaN NaN
NaN NaN 1.12056216551523 0.357254172280971 NaN NaN
NaN NaN 1.14573004756846 0.530497224664527 NaN NaN
NaN NaN 1.15050740653367 0.719115240188925 NaN NaN
NaN NaN 1.12986012641055 0.920476518548209 NaN NaN
NaN NaN 1.07855315781917 1.12986668136866 NaN NaN
NaN NaN 0.991807195040115 1.34000922590216 NaN NaN
NaN NaN 0.866286381926051 1.54086699528461 NaN NaN
NaN NaN 0.701328349555968 1.72000857079435 NaN NaN
NaN NaN 0.500135620594581 1.86379110602099 NaN NaN
NaN NaN 0.270461685035913 1.95938851281133 NaN NaN
NaN NaN 0.0243020583970118 1.99728583353718 NaN NaN
NaN NaN -0.223621112407345 1.97345806701421 NaN NaN
NaN NaN -0.458266577128845 1.89037331407527 NaN NaN
NaN NaN -0.666793658861771 1.75638059455708 NaN NaN
NaN NaN -0.84035124825344 1.58375181911291 NaN NaN
NaN NaN -0.97468307131385 1.38617804611278 NaN NaN
NaN NaN -1.06964397983794 1.17656583123946 NaN NaN
NaN NaN -1.12807943519387 0.965628552226558 NaN NaN
NaN NaN -1.15456470871129 0.761333751682032 NaN NaN
NaN NaN -1.15433808816955 0.568990137612095 NaN NaN
NaN NaN -1.13255991591056 0.391683580730716 NaN NaN
NaN NaN -1.09388660381085 0.230825502894787 NaN NaN
NaN NaN -1.04228423770142 0.0866702454492927 NaN NaN
NaN NaN -0.98099656393843 -0.0412621971935436 NaN NaN
NaN NaN -0.912597995071438 -0.153871122340268 NaN NaN
NaN NaN -0.839084250286239 -0.252255779410498 NaN NaN
NaN NaN -0.761972240353954 -0.337571234959264 NaN NaN
NaN NaN -0.682394288792579 -0.410938914399255 NaN NaN
NaN NaN -0.601180229544894 -0.473394709559764 NaN NaN
NaN NaN -0.518925699769015 -0.525861694505744 NaN NaN
NaN NaN -0.436047364772263 -0.569138208829531 NaN NaN
NaN NaN -0.352826846809854 -0.603894988206423 NaN NaN
NaN NaN -0.269445420022738 -0.630677155181469 NaN NaN
NaN NaN -0.18601146549058 -0.649908369515242 NaN NaN
NaN NaN -0.102582470306471 -0.661895439604044 NaN NaN
NaN NaN -0.0191831175154138 -0.666832356911988 NaN NaN
NaN NaN 0.0641791937974506 -0.664803145729399 NaN NaN
NaN NaN 0.147500211652519 -0.655783204637087 NaN NaN
NaN NaN 0.230764978717895 -0.639639016613086 NaN NaN
NaN NaN 0.313933185140706 -0.616126271466641 NaN NaN
NaN NaN 0.396922598971274 -0.584886621325918 NaN NaN
NaN NaN 0.479589331450874 -0.545443522949943 NaN NaN
NaN NaN 0.561703519170841 -0.497197964271106 NaN NaN
NaN NaN 0.642918786053775 -0.439425397885802 NaN NaN
NaN NaN 0.722733623390358 -0.371276006337338 NaN NaN
NaN NaN 0.800442675983637 -0.291781627655097 NaN NaN
NaN NaN 0.875076003090439 -0.199874426774095 NaN NaN
NaN NaN 0.945324979857212 -0.094424866139447 NaN NaN
NaN NaN 1.00945510828605 0.0256901991722699 NaN NaN
NaN NaN 1.06520939830389 0.16147452878024 NaN NaN
NaN NaN 1.10971228794855 0.313635882279533 NaN NaN
NaN NaN 1.13939467024356 0.48232487883408 NaN NaN
NaN NaN 1.1499765709447 0.666771710385529 NaN NaN
NaN NaN 1.13656476407066 0.864818211856631 NaN NaN
NaN NaN 1.09394301900551 1.07237855779654 NaN NaN
NaN NaN 1.01713919712187 1.28292594439364 NaN NaN
NaN NaN 0.902321601651513 1.48719170567678 NaN NaN
NaN NaN 0.747977671879019 1.67334643467989 NaN NaN
NaN NaN 0.556152169339043 1.82793846848259 NaN NaN
NaN NaN 0.333322383540663 1.93770147074775 NaN NaN
NaN NaN 0.0904026420379775 1.99197737728366 NaN NaN
NaN NaN -0.158441427609938 1.98506855702853 NaN NaN
NaN NaN -0.398011644539594 1.91763520453664 NaN NaN
NaN NaN -0.614651756485658 1.79653742615999 NaN NaN
NaN NaN -0.798303940268586 1.63319045194764 NaN NaN
NaN NaN -0.943454499194061 1.44112535841106 NaN NaN
NaN NaN -1.04891765651134 1.23363651465375 NaN NaN
NaN NaN -1.11684041937756 1.02213003427924 NaN NaN
NaN NaN -1.15143962494358 0.815346552752926 NaN NaN
NaN NaN -1.1578607095831 0.619298473475554 NaN NaN
NaN NaN -1.14134295087582 0.437635312931373 NaN NaN
NaN NaN -1.10671200969161 0.272178559077206 NaN NaN
NaN NaN -1.05813569362281 0.12345661652332 NaN NaN
NaN NaN -0.999056863201904 -0.00884330771914746 NaN NaN
NaN NaN -0.932228502165829 -0.125530688079434 NaN NaN
NaN NaN -0.859797514445491 -0.227667555011171 NaN NaN
NaN NaN -0.783404083814927 -0.31640552559179 NaN NaN
NaN NaN -0.704278478219079 -0.39288297406283 NaN NaN
NaN NaN -0.623326910555938 -0.458164131334894 NaN NaN
NaN NaN -0.541203728969408 -0.513206012029426 NaN NaN
NaN NaN -0.458370174159867 -0.558842964308217 NaN NaN
NaN NaN -0.375141285296045 -0.595781788950279 NaN NaN
NaN NaN -0.291722986607857 -0.624602715926104 NaN NaN
NaN NaN -0.20824139086067 -0.645763177497071 NaN NaN
NaN NaN -0.124766170203344 -0.659602439167258 NaN NaN
NaN NaN -0.0413296074731833 -0.66634589355387 NaN NaN
NaN NaN 0.0420572786030197 -0.666108307758672 NaN NaN
NaN NaN 0.125390310660962 -0.658895633058515 NaN NaN
NaN NaN 0.20865831551713 -0.644605204572931 NaN NaN
NaN NaN 0.291828794940347 -0.62302433061825 NaN NaN
NaN NaN 0.374831997737198 -0.593827441667597 NaN NaN
NaN NaN 0.457542190469708 -0.556572181736158 NaN NaN
NaN NaN 0.539754765795247 -0.510695131916263 NaN NaN
NaN NaN 0.621157619703499 -0.455508322282637 NaN NaN
NaN NaN 0.701295002544665 -0.390198401966639 NaN NaN
NaN NaN 0.779521869689596 -0.313831413601133 NaN NaN
NaN NaN 0.854946756803333 -0.225367702287693 NaN NaN
NaN NaN 0.926361624964121 -0.123693739384091 NaN NaN
NaN NaN 0.992158386014056 -0.00768067841727695 NaN NaN
NaN NaN 1.05023461904587 0.123716760882037 NaN NaN
NaN NaN 1.09789635289045 0.27130344206197 NaN NaN
NaN NaN 1.13177504220219 0.435408447290474 NaN NaN
NaN NaN 1.14779025507136 0.615551936314576 NaN NaN
NaN NaN 1.14120917817613 0.810006011662458 NaN NaN
NaN NaN 1.10687533572377 1.01527042478472 NaN NaN
NaN NaN 1.03969113138611 1.22553961639813 NaN NaN
NaN NaN 0.935420549090532 1.43232097601565 NaN NaN
NaN NaN 0.791800367346801 1.62445390236109 NaN NaN
NaN NaN 0.609792269259048 1.78881544685935 NaN NaN
NaN NaN 0.394605687199479 1.91188990330248 NaN NaN
NaN NaN 0.15598752266559 1.98206668982556 NaN NaN
NaN NaN -0.0926241955368014 1.99209352558952 NaN NaN
NaN NaN -0.336077148020977 1.94081677965692 NaN NaN
NaN NaN -0.560063194977866 1.83348100987895 NaN NaN
NaN NaN -0.753393630504854 1.68045266977758 NaN NaN
NaN NaN -0.909280740700427 1.49491675396389 NaN NaN
NaN NaN -1.02541990761006 1.29042507194864 NaN NaN
NaN NaN -1.10316079230221 1.07901559409709 NaN NaN
NaN NaN -1.14627304287008 0.870197601332314 NaN NaN
NaN NaN -1.1597449063308 0.670716231725445 NaN NaN
NaN NaN -1.14885598107901 0.484826702914015 NaN NaN
NaN NaN -1.11858303494775 0.314802381197642 NaN NaN
NaN NaN -1.07329109084213 0.161480887860688 NaN NaN
NaN NaN -1.01662538038153 0.0247433263703215 NaN NaN
NaN NaN -0.95152433659034 -0.0961111331414203 NaN NaN
NaN NaN -0.880294001836544 -0.202094806018417 NaN NaN
NaN NaN -0.804705488182742 -0.29434803308023 NaN NaN
NaN NaN -0.726093741816478 -0.374021553919132 NaN NaN
NaN NaN -0.645446976930339 -0.442205498452868 NaN NaN
NaN NaN -0.563482797651256 -0.499889731539709 NaN NaN
NaN NaN -0.480710621393243 -0.547944322098773 NaN NaN
NaN NaN -0.397481726911055 -0.587112285938517 NaN NaN
NaN NaN -0.314028895276448 -0.618009311591434 NaN NaN
NaN NaN -0.230497708214132 -0.641127006527351 NaN NaN
NaN NaN -0.146971417409749 -0.656837455294691 NaN NaN
NaN NaN -0.0634910658943597 -0.665397717589525 NaN NaN
NaN NaN 0.0199276867257297 -0.666953441977356 NaN NaN
NaN NaN 0.103279769358135 -0.661541128652092 NaN NaN
NaN NaN 0.1865567944027 -0.649088815788806 NaN NaN
NaN NaN 0.269732960896998 -0.629415144845097 NaN NaN
NaN NaN 0.352749674634915 -0.6022269269518 NaN NaN
NaN NaN 0.435497717188943 -0.567115529236182 NaN NaN
NaN NaN 0.517795655068327 -0.523552675191294 NaN NaN
NaN NaN 0.599362985792583 -0.470886667782605 NaN NaN
NaN NaN 0.679786294066249 -0.408340678313207 NaN NaN
NaN NaN 0.758476492555937 -0.335015705209841 NaN NaN
NaN NaN 0.834615157130384 -0.249902231405194 NaN NaN
NaN NaN 0.907088241653115 -0.151906653685549 NaN NaN
NaN NaN 0.974406437416925 -0.0399013605396569 NaN NaN
NaN NaN 1.03461373310243 0.0871890849967004 NaN NaN
NaN NaN 1.08519025998546 0.230249166045503 NaN NaN
NaN NaN 1.12296352739825 0.389761132579362 NaN NaN
NaN NaN 1.14405499476121 0.565501036703962 NaN NaN
NaN NaN 1.14390713973201 0.756129530259271 NaN NaN
NaN NaN 1.11745757303976 0.958687967205893 NaN NaN
NaN NaN 1.0595429905811 1.1680578455378 NaN NaN
NaN NaN 0.965608589439801 1.37651787276342 NaN NaN
NaN NaN 0.832740089063484 1.57362461113473 NaN NaN
NaN NaN 0.660901416058765 1.74670169040254 NaN NaN
NaN NaN 0.4540645766488 1.88216353662969 NaN NaN
NaN NaN 0.220750081769238 1.96764425750076 NaN NaN
NaN NaN -0.0264825619029937 1.99448157654434 NaN NaN
NaN NaN -0.272727535857567 1.95973887182443 NaN NaN
NaN NaN -0.503205501502557 1.86694858939962 NaN NaN
NaN NaN -0.705699382396461 1.7252476361569 NaN NaN
NaN NaN -0.872154567806594 1.54728106449458 NaN NaN
NaN NaN -0.999082475608972 1.34670950807732 NaN NaN
NaN NaN -1.08693863112381 1.13612305968086 NaN NaN
NaN NaN -1.13895186154182 0.925781599837038 NaN NaN
NaN NaN -1.15988155822976 0.723184948429934 NaN NaN
NaN NaN -1.15500223672619 0.533234058595633 NaN NaN
NaN NaN -1.12941861836551 0.358696921951953 NaN NaN
NaN NaN -1.08768529669163 0.200757703027397 NaN NaN
NaN NaN -1.03365146533645 0.0595204492668883 NaN NaN
NaN NaN -0.970447198647284 -0.0655861460910492 NaN NaN
NaN NaN -0.900545517504301 -0.175510592875838 NaN NaN
NaN NaN -0.825856294681195 -0.271372981877954 NaN NaN
NaN NaN -0.74782618351568 -0.354331054061088 NaN NaN
NaN NaN -0.667531339313193 -0.425497892354544 NaN NaN
NaN NaN -0.585757460169725 -0.485894809926972 NaN NaN
NaN NaN -0.503065991205585 -0.536427129113243 NaN NaN
NaN NaN -0.419847475738889 -0.577874138173595 NaN NaN
NaN NaN -0.336363916220247 -0.610887298702972 NaN NaN
NaN NaN -0.252782219237958 -0.635992794470411 NaN NaN
NaN NaN -0.16920069558391 -0.653595910803911 NaN NaN
NaN NaN -0.0856703651895362 -0.663985672882121 NaN NaN
NaN NaN -0.00221258072802652 -0.667338788907044 NaN NaN
NaN NaN 0.0811657171306701 -0.663722346916869 NaN NaN
NaN NaN 0.16445794340984 -0.653094981828551 NaN NaN
NaN NaN 0.247643920054105 -0.635306422400713 NaN NaN
NaN NaN 0.330674953341838 -0.610095494530701 NaN NaN
NaN NaN 0.413456798532692 -0.577086841539138 NaN NaN
NaN NaN 0.495829250244606 -0.535786870435959 NaN NaN
NaN NaN 0.577540917360914 -0.485579802135997 NaN NaN
NaN NaN 0.658217524049778 -0.425725267227825 NaN NaN
NaN NaN 0.737321867789271 -0.355359745962225 NaN NaN
NaN NaN 0.814103451765471 -0.273505429585438 NaN NaN
NaN NaN 0.887535966359969 -0.179091932416963 NaN NaN
NaN NaN 0.956241535512878 -0.0709988588695999 NaN NaN
NaN NaN 1.01840249750973 0.0518694075858733 NaN NaN
NaN NaN 1.07166528546194 0.1904613732199 NaN NaN
NaN NaN 1.11304787683215 0.345389509330769 NaN NaN
NaN NaN 1.13887364385571 0.51665419961635 NaN NaN
NaN NaN 1.14477115094226 0.703264848822546 NaN NaN
NaN NaN 1.12580034683543 0.902760341050658 NaN NaN
NaN NaN 1.07678447320307 1.11067085230633 NaN NaN
NaN NaN 0.992928684652466 1.32003131276252 NaN NaN
NaN NaN 0.870765157169509 1.52114685563015 NaN NaN
NaN NaN 0.7093527611426 1.70188550249594 NaN NaN
NaN NaN 0.511475657071353 1.84875659039241 NaN NaN
NaN NaN 0.284395821476903 1.9488370637373 NaN NaN
NaN NaN 0.03966671121976 1.99222082678246 NaN NaN
NaN NaN -0.208245227814245 1.97425453606279 NaN NaN
NaN NaN -0.444282372758845 1.89669543400684 NaN NaN
NaN NaN -0.655327033162509 1.76728719984065 NaN NaN
NaN NaN -0.832090399623895 1.59793805617283 NaN NaN
NaN NaN -0.969851153774037 1.40225249543215 NaN NaN
NaN NaN -1.06807876426648 1.19327354284126 NaN NaN
NaN NaN -1.12936419296665 0.981978288448903 NaN NaN
NaN NaN -1.15815929094237 0.77663434960404 NaN NaN
NaN NaN -1.15968096198058 0.582825221672433 NaN NaN
NaN NaN -1.13913317770833 0.403856573293686 NaN NaN
NaN NaN -1.10124882658234 0.24129839592634 NaN NaN
NaN NaN -1.05008062908845 0.0955091062366318 NaN NaN
NaN NaN -0.988955579673538 -0.0339300330480521 NaN NaN
NaN NaN -0.920521278262098 -0.147887909630874 NaN NaN
NaN NaN -0.846834308466036 -0.247454125434103 NaN NaN
NaN NaN -0.769460334455166 -0.333787185328751 NaN NaN
NaN NaN -0.689569710312622 -0.408019605370512 NaN NaN
NaN NaN -0.608021368942484 -0.471202386225385 NaN NaN
NaN NaN -0.525432896971875 -0.52427542505642 NaN NaN
NaN NaN -0.442237342829914 -0.568054226823304 NaN NaN
NaN NaN -0.358728464700503 -0.603226290905247 NaN NaN
NaN NaN -0.275096478972405 -0.630352768679201 NaN NaN
NaN NaN -0.191456329059327 -0.649872542835189 NaN NaN
NaN NaN -0.107870292430233 -0.662106932012115 NaN NaN
NaN NaN -0.0243665047606553 -0.667263920160392 NaN NaN
NaN NaN 0.0590452339347247 -0.665441264145582 NaN NaN
NaN NaN 0.142359167470013 -0.656628132246289 NaN NaN
NaN NaN 0.225559699320502 -0.640705135316966 NaN NaN
NaN NaN 0.308606839012897 -0.617442782406622 NaN NaN
NaN NaN 0.391419863718463 -0.586498567972161 NaN NaN
NaN NaN 0.47385797565063 -0.547413123602487 NaN NaN
NaN NaN 0.555696572087734 -0.499606196328861 NaN NaN
NaN NaN 0.636597536871118 -0.442373716388415 NaN NaN
NaN NaN 0.716071745799011 -0.374887980693073 NaN NaN
NaN NaN 0.79343182839389 -0.296204123490608 NaN NaN
NaN NaN 0.867733291100987 -0.205277719039912 NaN NaN
NaN NaN 0.937702649192204 -0.10100071611421 NaN NaN
NaN NaN 1.00165269588148 0.0177339597622665 NaN NaN
NaN NaN 1.05738819356243 0.151924983307953 NaN NaN
NaN NaN 1.10211117492454 0.302294329400725 NaN NaN
NaN NaN 1.13234501749202 0.469037662319094 NaN NaN
NaN NaN 1.14391162077231 0.651475528167363 NaN NaN
NaN NaN 1.1320160006802 0.847600904372919 NaN NaN
NaN NaN 1.09151298553094 1.05355143548343 NaN NaN
NaN NaN 1.01743915708096 1.26309470230442 NaN NaN
NaN NaN 0.905866817716384 1.46730059727392 NaN NaN
NaN NaN 0.75504682654296 1.65465957771473 NaN NaN
NaN NaN 0.566641005543006 1.81192346602503 NaN NaN
NaN NaN 0.346646136042698 1.9258059153221 NaN NaN
NaN NaN 0.105507711731919 1.98533906191863 NaN NaN
NaN NaN -0.142927078934373 1.98425192903752 NaN NaN
NaN NaN -0.383522141195401 1.92249912793342 NaN NaN
NaN NaN -0.602409696767377 1.8062899600416 NaN NaN
NaN NaN -0.789126097354022 1.64660119249991 NaN NaN
NaN NaN -0.937687953122797 1.45680258992562 NaN NaN
NaN NaN -1.04649465649329 1.25027144410272 NaN NaN
NaN NaN -1.11740068840338 1.03865176018411 NaN NaN
NaN NaN -1.15446524272362 0.830981419433814 NaN NaN
NaN NaN -1.1627877505578 0.633558664931849 NaN NaN
NaN NaN -1.1476366662839 0.450269419982751 NaN NaN
NaN NaN -1.11390774707522 0.283110431527252 NaN NaN
NaN NaN -1.06585437953963 0.132728253867698 NaN NaN
NaN NaN -1.00700458202522 -0.00111797307243378 NaN NaN
NaN NaN -0.940187743953272 -0.119199841223192 NaN NaN
NaN NaN -0.867615152744371 -0.222564836003675 NaN NaN
NaN NaN -0.790979032834755 -0.312365014978177 NaN NaN
NaN NaN -0.711550508588224 -0.389748158947904 NaN NaN
NaN NaN -0.630267199432831 -0.455792783835901 NaN NaN
NaN NaN -0.54780722276643 -0.511472436224896 NaN NaN
NaN NaN -0.464649601684639 -0.557638645484866 NaN NaN
NaN NaN -0.38112256673629 -0.595015148770526 NaN NaN
NaN NaN -0.297441768953714 -0.624198437245978 NaN NaN
NaN NaN -0.213740461106263 -0.645661396686342 NaN NaN
NaN NaN -0.130093530705636 -0.659757993360953 NaN NaN
NaN NaN -0.046537031103833 -0.666727739128247 NaN NaN
NaN NaN 0.0369153681779259 -0.666699181842263 NaN NaN
NaN NaN 0.120257768626059 -0.65969200264046 NaN NaN
NaN NaN 0.20347814004733 -0.645617530733617 NaN NaN
NaN NaN 0.286544049580189 -0.624277663038587 NaN NaN
NaN NaN 0.369386925100604 -0.595362345905087 NaN NaN
NaN NaN 0.451883670451258 -0.558445983481827 NaN NaN
NaN NaN 0.533834302935228 -0.512983431929463 NaN NaN
NaN NaN 0.614934087075443 -0.458306683830821 NaN NaN
NaN NaN 0.694738421585094 -0.393624026484306 NaN NaN
NaN NaN 0.77261856052559 -0.318024481948337 NaN NaN
NaN NaN 0.847706237032719 -0.230491844643405 NaN NaN
NaN NaN 0.918825635929006 -0.129934778196347 NaN NaN
NaN NaN 0.984412327076949 -0.0152423398695076 NaN NaN
NaN NaN 1.04242137368931 0.114622056512452 NaN NaN
NaN NaN 1.09023184214436 0.260471267554076 NaN NaN
NaN NaN 1.12456363420706 0.422669648519184 NaN NaN
NaN NaN 1.14143618623025 0.600813630300176 NaN NaN
NaN NaN 1.13621735746884 0.793308063834176 NaN NaN
NaN NaN 1.10383178991949 0.996855200716587 NaN NaN
NaN NaN 1.03921146940272 1.20592499233997 NaN NaN
NaN NaN 0.938057278631526 1.41235493149062 NaN NaN
NaN NaN 0.797910728998936 1.60531701587657 NaN NaN
NaN NaN 0.619389400532814 1.77193429668612 NaN NaN
NaN NaN 0.40724162749198 1.89874216120869 NaN NaN
NaN NaN 0.170729805209222 1.97390305337808 NaN NaN
NaN NaN -0.0770804461849685 1.98965651596824 NaN NaN
NaN NaN -0.321175639353155 1.94416362772229 NaN NaN
NaN NaN -0.547107751906577 1.84198552963107 NaN NaN
NaN NaN -0.743324493164954 1.6929808148839 NaN NaN
NaN NaN -0.902573245236186 1.51009586112726 NaN NaN
NaN NaN -1.02211041408034 1.30690474543945 NaN NaN
NaN NaN -1.10295602859202 1.09564991899206 NaN NaN
NaN NaN -1.14868597693027 0.886129503427738 NaN NaN
NaN NaN -1.16421498571327 0.685382563961592 NaN NaN
NaN NaN -1.15483469295528 0.497916443723792 NaN NaN
NaN NaN -1.1255836112769 0.326196794962454 NaN NaN
NaN NaN -1.08091006933229 0.171194326269649 NaN NaN
NaN NaN -1.02454573972323 0.0328736927513589 NaN NaN
NaN NaN -0.959508443756828 -0.0894197447683783 NaN NaN
NaN NaN -0.888172115842397 -0.196678210627734 NaN NaN
NaN NaN -0.812363296523368 -0.290039022717549 NaN NaN
NaN NaN -0.733460756398941 -0.370660328169098 NaN NaN
NaN NaN -0.652486569630688 -0.439645516288665 NaN NaN
NaN NaN -0.5701840609979 -0.498000571042377 NaN NaN
NaN NaN -0.487081940304424 -0.546612691033872 NaN NaN
NaN NaN -0.403545822215872 -0.586241969473471 NaN NaN
NaN NaN -0.31981906850435 -0.617520579679329 NaN NaN
NaN NaN -0.236055030956368 -0.640955818810721 NaN NaN
NaN NaN -0.152342639780912 -0.656934677205499 NaN NaN
NaN NaN -0.0687270526367834 -0.665728480597884 NaN NaN
NaN NaN 0.0147731543131763 -0.66749673004794 NaN NaN
NaN NaN 0.098150965437397 -0.662289641656876 NaN NaN
NaN NaN 0.181396921203198 -0.650049141293804 NaN NaN
NaN NaN 0.26448504495005 -0.630608256469484 NaN NaN
NaN NaN 0.347357616064884 -0.603689015348868 NaN NaN
NaN NaN 0.429907638449507 -0.568899155548467 NaN NaN
NaN NaN 0.511957723639102 -0.525728210430487 NaN NaN
NaN NaN 0.593233924820899 -0.473543936693101 NaN NaN
NaN NaN 0.673332844472029 -0.411590651221032 NaN NaN
NaN NaN 0.751680144959922 -0.338991959739633 NaN NaN
NaN NaN 0.827478520217134 -0.254761715679531 NaN NaN
NaN NaN 0.899643429946777 -0.157828996486573 NaN NaN
NaN NaN 0.966725797427832 -0.0470855642874316 NaN NaN
NaN NaN 1.02682299706458 0.0785322796488812 NaN NaN
NaN NaN 1.07748368414459 0.219911607421695 NaN NaN
NaN NaN 1.11561954393761 0.377561255709087 NaN NaN
NaN NaN 1.13744916650632 0.551320731520928 NaN NaN
NaN NaN 1.13851664093039 0.739966202290231 NaN NaN
NaN NaN 1.11384831496131 0.94072101079597 NaN NaN
NaN NaN 1.05832806808095 1.14872211273485 NaN NaN
NaN NaN 0.967367597485414 1.3565660176232 NaN NaN
NaN NaN 0.837896982715205 1.55414768821321 NaN NaN
NaN NaN 0.66957694582835 1.72907049105201 NaN NaN
NaN NaN 0.465944890542295 1.86786392436836 NaN NaN
NaN NaN 0.235031894107985 1.95801706558332 NaN NaN
NaN NaN -0.0110189650640037 1.99043252314041 NaN NaN
NaN NaN -0.257513489539783 1.96152295397442 NaN NaN
NaN NaN -0.489608267868377 1.87411889170327 NaN NaN
NaN NaN -0.694774578424757 1.73678770357978 NaN NaN
NaN NaN -0.864507821299199 1.56185795413985 NaN NaN
NaN NaN -0.994862880859763 1.36294563126383 NaN NaN
NaN NaN -1.08593057364171 1.15280411891804 NaN NaN
NaN NaN -1.14070854900647 0.941967471838152 NaN NaN
NaN NaN -1.16385239677689 0.738233855918712 NaN NaN
NaN NaN -1.16062871621564 0.546770681837462 NaN NaN
NaN NaN -1.13619343409336 0.370555328262293 NaN NaN
NaN NaN -1.09518076048427 0.210920754633808 NaN NaN
NaN NaN -1.04152684225341 0.0680671356236451 NaN NaN
NaN NaN -0.978443798658325 -0.0585214573794796 NaN NaN
NaN NaN -0.908475991552495 -0.169767195259571 NaN NaN
NaN NaN -0.833592188345201 -0.26678316854176 NaN NaN
NaN NaN -0.755285970356741 -0.350732173550801 NaN NaN
NaN NaN -0.674669953724632 -0.422739297203846 NaN NaN
NaN NaN -0.592557645322928 -0.483841417758298 NaN NaN
NaN NaN -0.509531409543614 -0.534960855328094 NaN NaN
NaN NaN -0.425997365204939 -0.576894076498978 NaN NaN
NaN NaN -0.342229023980399 -0.610309237109179 NaN NaN
NaN NaN -0.258401749428096 -0.635748449039034 NaN NaN
NaN NaN -0.17462003591329 -0.653632120858325 NaN NaN
NaN NaN -0.0909393914670233 -0.664263709320333 NaN NaN
NaN NaN -0.00738436971841526 -0.667833869577995 NaN NaN
NaN NaN 0.0760359117252496 -0.664423416923246 NaN NaN
NaN NaN 0.159313581321478 -0.654004794566091 NaN NaN
NaN NaN 0.242428054306656 -0.63644194269203 NaN NaN
NaN NaN 0.325331226228882 -0.611488633195863 NaN NaN
NaN NaN 0.407930694226767 -0.578785516159088 NaN NaN
NaN NaN 0.490069769401812 -0.53785636414526 NaN NaN
NaN NaN 0.57150287525786 -0.488104353463469 NaN NaN
NaN NaN 0.651864720527487 -0.428809758710815 NaN NaN
NaN NaN 0.730631431036871 -0.359131252578219 NaN NaN
NaN NaN 0.807071709297054 -0.27811421958934 NaN NaN
NaN NaN 0.880186224636316 -0.184711257061356 NaN NaN
NaN NaN 0.948634113717827 -0.0778224955354549 NaN NaN
NaN NaN 0.990106950380587 -2.42498252479953E-15 NaN NaN
NaN NaN NaN NaN 1 0
NaN NaN NaN NaN 1.05805347376238 0.132949853749403
NaN NaN NaN NaN 1.10527664852352 0.282223462914744
NaN NaN NaN NaN 1.13818501362144 0.448019869681678
NaN NaN NaN NaN 1.15259160706427 0.629663664712267
NaN NaN NaN NaN 1.14369149335264 0.825155617747581
NaN NaN NaN NaN 1.1063276664498 1.03065093760282
NaN NaN NaN NaN 1.03552005867512 1.23995411576361
NaN NaN NaN NaN 0.927312225315866 1.44420322287386
NaN NaN NaN NaN 0.779900614965868 1.63199762530257
NaN NaN NaN NaN 0.594848044763213 1.79023663607597
NaN NaN NaN NaN 0.377990439698219 1.90579576471855
NaN NaN NaN NaN 0.139548624302478 1.96783375433933
NaN NaN NaN NaN -0.106891859280536 1.97010918881409
NaN NaN NaN NaN -0.346437123020972 1.91246453833687
NaN NaN NaN NaN -0.565375569464635 1.80085626799392
NaN NaN NaN NaN -0.753267592682748 1.64591971771485
NaN NaN NaN NaN -0.904017165168901 1.46067425405542
NaN NaN NaN NaN -1.01580933155275 1.25820949087938
NaN NaN NaN NaN -1.09023678249409 1.04998409264064
NaN NaN NaN NaN -1.13110039618451 0.844957216365312
NaN NaN NaN NaN -1.14327897905122 0.64943534310499
NaN NaN NaN NaN -1.13187334494422 0.467370758417984
NaN NaN NaN NaN -1.10166548730344 0.300857403262656
NaN NaN NaN NaN -1.05684166824139 0.150649126384662
NaN NaN NaN NaN -1.00089916995894 0.0166090974843599
NaN NaN NaN NaN -0.936662915501295 -0.101940795643058
NaN NaN NaN NaN -0.866357480634444 -0.205968168584812
NaN NaN NaN NaN -0.791699622993309 -0.296559310092267
NaN NaN NaN NaN -0.713991594452084 -0.374809470496149
NaN NaN NaN NaN -0.634205590035313 -0.441756443518743
NaN NaN NaN NaN -0.553055725229351 -0.498343324094649
NaN NaN NaN NaN -0.471057204372885 -0.54540005642702
NaN NaN NaN NaN -0.38857390634831 -0.583636496879019
NaN NaN NaN NaN -0.305856209403972 -0.613642074153633
NaN NaN NaN NaN -0.223070970921219 -0.635888816677427
NaN NaN NaN NaN -0.140325443891928 -0.650735679029163
NaN NaN NaN NaN -0.0576867005890988 -0.658432877933881
NaN NaN NaN NaN 0.024802076672541 -0.659125461361804
NaN NaN NaN NaN 0.107107250426918 -0.652855671755606
NaN NaN NaN NaN 0.189191260072329 -0.639563893725209
NaN NaN NaN NaN 0.270999021650112 -0.619088149094551
NaN NaN NaN NaN 0.352443184535192 -0.591162260255671
NaN NaN NaN NaN 0.433387173298721 -0.555412986059758
NaN NaN NaN NaN 0.513624826707307 -0.511356686290915
NaN NaN NaN NaN 0.592855284007629 -0.458396444515221
NaN NaN NaN NaN 0.670651583973904 -0.395821144767162
NaN NaN NaN NaN 0.74642128273907 -0.322808847665946
NaN NaN NaN NaN 0.819357357243475 -0.238438063914497
NaN NaN NaN NaN 0.88837791905091 -0.141712313619813
NaN NaN NaN NaN 0.952054128979339 -0.0316058116943199
NaN NaN NaN NaN 1.00852768987458 0.0928587379356362
NaN NaN NaN NaN 1.05542318856847 0.232485665158003
NaN NaN NaN NaN 1.08976743049876 0.387717409251573
NaN NaN NaN NaN 1.10793893860572 0.558362610070703
NaN NaN NaN NaN 1.10568659957514 0.743228240243821
NaN NaN NaN NaN 1.07827556251844 0.939661063777627
NaN NaN NaN NaN 1.02083456880667 1.14304269747452
NaN NaN NaN NaN 0.928977228774739 1.34634768161717
NaN NaN NaN NaN 0.799726423895798 1.53995766121108
NaN NaN NaN NaN 0.632661638515298 1.71199116679753
NaN NaN NaN NaN 0.431035268010544 1.84938575061633
NaN NaN NaN NaN 0.202431315209229 1.93977730923914
NaN NaN NaN NaN -0.0414933029886486 1.9738543219381
NaN NaN NaN NaN -0.286406352875902 1.94748055849816
NaN NaN NaN NaN -0.517578771984818 1.86276698272455
NaN NaN NaN NaN -0.722331415825194 1.72762039851739
NaN NaN NaN NaN -0.891835662360589 1.55395123140001
NaN NaN NaN NaN -1.02178825400317 1.35526349066014
NaN NaN NaN NaN -1.11200334355461 1.14445296470562
NaN NaN NaN NaN -1.16533695430272 0.932340313627758
NaN NaN NaN NaN -1.18643356580292 0.727046194334161
NaN NaN NaN NaN -1.18064237047988 0.534023032368549
NaN NaN NaN NaN -1.15325194305065 0.356462080218962
NaN NaN NaN NaN -1.10904363904849 0.195834532794822
NaN NaN NaN NaN -1.05209245568539 0.0524143156611428
NaN NaN NaN NaN -0.985729718497311 -0.0742887698550902
NaN NaN NaN NaN -0.912596009862358 -0.185203337608136
NaN NaN NaN NaN -0.834734638693472 -0.281468365539492
NaN NaN NaN NaN -0.753695526162857 -0.364282863774576
NaN NaN NaN NaN -0.67063353299558 -0.434812512374825
NaN NaN NaN NaN -0.586394225305559 -0.494135658648427
NaN NaN NaN NaN -0.501585191822826 -0.543215202922489
NaN NaN NaN NaN -0.416633631587051 -0.58288670941033
NaN NaN NaN NaN -0.331832053513961 -0.613856113612661
NaN NaN NaN NaN -0.247374248243176 -0.636702633381317
NaN NaN NaN NaN -0.163383621292782 -0.651884057398654
NaN NaN NaN NaN -0.0799357482674134 -0.659742645301407
NaN NaN NaN NaN 0.00292324894856159 -0.660510574323828
NaN NaN NaN NaN 0.0851611412724685 -0.654314324078303
NaN NaN NaN NaN 0.166745665503949 -0.641177690775336
NaN NaN NaN NaN 0.247631170847489 -0.621023329072944
NaN NaN NaN NaN 0.327744836102618 -0.593672883025705
NaN NaN NaN NaN 0.406971451800858 -0.558845928475217
NaN NaN NaN NaN 0.485135702240706 -0.516158147400026
NaN NaN NaN NaN 0.561980774498196 -0.465119434643301
NaN NaN NaN NaN 0.637141980610709 -0.405133054338424
NaN NaN NaN NaN 0.710113936755748 -0.335497589364735
NaN NaN NaN NaN 0.780209761331068 -0.255414355821477
NaN NaN NaN NaN 0.84651084869695 -0.164004300520206
NaN NaN NaN NaN 0.907806254804098 -0.0603402857093119
NaN NaN NaN NaN 0.962521947347309 0.0564968194253756
NaN NaN NaN NaN 1.00864268761292 0.187326722349035
NaN NaN NaN NaN 1.04363394433732 0.332728154155661
NaN NaN NaN NaN 1.06437903507473 0.492829986694151
NaN NaN NaN NaN 1.06715862452705 0.667018766014348
NaN NaN NaN NaN 1.04771584568894 0.853555065379064
NaN NaN NaN NaN 1.00146799365496 1.04911409352859
NaN NaN NaN NaN 0.923936681096652 1.24831084409391
NaN NaN NaN NaN 0.811455681592486 1.44333941291112
NaN NaN NaN NaN 0.662155142986743 1.62393623736134
NaN NaN NaN NaN 0.477093619375544 1.77792344299409
NaN NaN NaN NaN 0.261232264454765 1.89252499140642
NaN NaN NaN NaN 0.0238046706954444 1.95640759211882
NaN NaN NaN NaN -0.222324106889018 1.96201198316484
NaN NaN NaN NaN -0.462396246453173 1.90740841346125
NaN NaN NaN NaN -0.682183173506766 1.79691764004768
NaN NaN NaN NaN -0.870301654584663 1.64019727642475
NaN NaN NaN NaN -1.01967085487398 1.45015892333297
NaN NaN NaN NaN -1.12778677019629 1.24052058792301
NaN NaN NaN NaN -1.19600440223848 1.02377187577367
NaN NaN NaN NaN -1.22830878433245 0.809961475475573
NaN NaN NaN NaN -1.23004812117914 0.60630872091298
NaN NaN NaN NaN -1.20692054655129 0.417400399475214
NaN NaN NaN NaN -1.16430847709368 0.24568551147216
NaN NaN NaN NaN -1.10692590995032 0.0920454678669516
NaN NaN NaN NaN -1.03869241380083 -0.0436889717835727
NaN NaN NaN NaN -0.96274608398373 -0.16232648030273
NaN NaN NaN NaN -0.881527693677365 -0.265015646956387
NaN NaN NaN NaN -0.796891650999635 -0.353041337348082
NaN NaN NaN NaN -0.710218382969279 -0.427694627691268
NaN NaN NaN NaN -0.622515728138006 -0.490195182468603
NaN NaN NaN NaN -0.534504741795717 -0.541648967023918
NaN NaN NaN NaN -0.446689543780805 -0.583028605121979
NaN NaN NaN NaN -0.359412829821878 -0.615167492465481
NaN NaN NaN NaN -0.272899393657392 -0.638761695144299
NaN NaN NaN NaN -0.187290084766327 -0.654375757407378
NaN NaN NaN NaN -0.102668415011259 -0.662449982772943
NaN NaN NaN NaN -0.0190817221722329 -0.66330771105508
NaN NaN NaN NaN 0.0634415027062135 -0.657161738459955
NaN NaN NaN NaN 0.144876769875744 -0.644119431166675
NaN NaN NaN NaN 0.225190061083673 -0.624186347611642
NaN NaN NaN NaN 0.304324569609838 -0.597268371947873
NaN NaN NaN NaN 0.382186720086362 -0.563172517781292
NaN NaN NaN NaN 0.458630474391079 -0.521606727420912
NaN NaN NaN NaN 0.533438874383749 -0.472179207276789
NaN NaN NaN NaN 0.606301676895277 -0.414398150105155
NaN NaN NaN NaN 0.676787823019878 -0.347673156383433
NaN NaN NaN NaN 0.744311393720302 -0.271320353671876
NaN NaN NaN NaN 0.808089714158669 -0.184574217358367
NaN NaN NaN NaN 0.86709251899113 -0.0866105273644839
NaN NaN NaN NaN 0.91998181991811 0.0234131423919311
NaN NaN NaN NaN 0.965043718037955 0.146290466335196
NaN NaN NaN NaN 1.00011647943284 0.28266102648019
NaN NaN NaN NaN 1.0225245795131 0.432851808770617
NaN NaN NaN NaN 1.02903709204821 0.596649392040641
NaN NaN NaN NaN 1.01588144607322 0.772989629297318
NaN NaN NaN NaN 0.97885956375475 0.959563696671283
NaN NaN NaN NaN 0.913628728760003 1.15236734852639
NaN NaN NaN NaN 0.816213938739559 1.34527046402249
NaN NaN NaN NaN 0.683793316877037 1.5297557024392
NaN NaN NaN NaN 0.515720053903758 1.69504782588361
NaN NaN NaN NaN 0.314602372530877 1.82887651731749
NaN NaN NaN NaN 0.0870910542463156 1.91900818285339
NaN NaN NaN NaN -0.156073219987171 1.95539794272402
NaN NaN NaN NaN -0.401081224156217 1.93242455559388
NaN NaN NaN NaN -0.633084196689474 1.8504127601718
NaN NaN NaN NaN -0.83867427201064 1.71578110071846
NaN NaN NaN NaN -1.00798923207066 1.53970206786148
NaN NaN NaN NaN -1.13578635199619 1.33580315668252
NaN NaN NaN NaN -1.22132733561717 1.11775624320285
NaN NaN NaN NaN -1.26739400341016 0.897455072132714
NaN NaN NaN NaN -1.27895490760748 0.684067449020327
NaN NaN NaN NaN -1.26192158367338 0.483869854141538
NaN NaN NaN NaN -1.22222500248776 0.300587178174699
NaN NaN NaN NaN -1.1652549886977 0.135954622038124
NaN NaN NaN NaN -1.09559889033337 -0.0096978645368822
NaN NaN NaN NaN -1.01698306155966 -0.136943445932106
NaN NaN NaN NaN -0.932330152841101 -0.246873621747346
NaN NaN NaN NaN -0.84386948898838 -0.340826624101849
NaN NaN NaN NaN -0.753261761292474 -0.420208383724504
NaN NaN NaN NaN -0.661717284123528 -0.486382216996444
NaN NaN NaN NaN -0.570098704613924 -0.540606183950724
NaN NaN NaN NaN -0.479005727748315 -0.584001743364132
NaN NaN NaN NaN -0.388842803149953 -0.617541896777104
NaN NaN NaN NaN -0.299872149373424 -0.642050738295145
NaN NaN NaN NaN -0.212254867340583 -0.658209095735354
NaN NaN NaN NaN -0.126082764666532 -0.666562891010072
NaN NaN NaN NaN -0.0414031845895682 -0.667532157163909
NaN NaN NaN NaN 0.0417612333775698 -0.661419507372755
NaN NaN NaN NaN 0.123396264098448 -0.648417402601709
NaN NaN NaN NaN 0.203481945601223 -0.628613917667741
NaN NaN NaN NaN 0.281979422781359 -0.601996938521394
NaN NaN NaN NaN 0.358817761310257 -0.56845689404872
NaN NaN NaN NaN 0.433879760556974 -0.527788278271017
NaN NaN NaN NaN 0.506985791163508 -0.479690392573833
NaN NaN NaN NaN 0.577874633926222 -0.423767972314457
NaN NaN NaN NaN 0.646180218449181 -0.359532704078075
NaN NaN NaN NaN 0.71140308145932 -0.28640714696495
NaN NaN NaN NaN 0.772875337811501 -0.203733317485957
NaN NaN NaN NaN 0.829718075553622 -0.110789273469498
NaN NaN NaN NaN 0.880790512777806 -0.00681853701686995
NaN NaN NaN NaN 0.924631260431504 0.108920790151429
NaN NaN NaN NaN 0.95939405293078 0.23707785181055
NaN NaN NaN NaN 0.982783971650179 0.378089661957509
NaN NaN NaN NaN 0.99200632391987 0.532006096782219
NaN NaN NaN NaN 0.983749801957188 0.698244694132748
NaN NaN NaN NaN 0.954238650064961 0.875265938565662
NaN NaN NaN NaN 0.899403844727476 1.06017547863931
NaN NaN NaN NaN 0.815235267611664 1.24829262658726
NaN NaN NaN NaN 0.698373296532589 1.43277936414527
NaN NaN NaN NaN 0.546959280831473 1.60449592374018
NaN NaN NaN NaN 0.361669132402154 1.75231017951927
NaN NaN NaN NaN 0.146701983863704 1.86407932236311
NaN NaN NaN NaN -0.0896613044804499 1.92836982946263
NaN NaN NaN NaN -0.335357741764321 1.93666227006729
NaN NaN NaN NaN -0.575927521810982 1.88541611692376
NaN NaN NaN NaN -0.796769731410762 1.77720353362949
NaN NaN NaN NaN -0.985593181759115 1.62037937685705
NaN NaN NaN NaN -1.1342385412908 1.42736633099255
NaN NaN NaN NaN -1.23934509473811 1.21221919145565
NaN NaN NaN NaN -1.30187025782762 0.988319827159954
NaN NaN NaN NaN -1.3258876382232 0.766801695395209
NaN NaN NaN NaN -1.31719683122031 0.555867930608275
NaN NaN NaN NaN -1.28213465456941 0.360830648833611
NaN NaN NaN NaN -1.2267557351223 0.184570250313274
NaN NaN NaN NaN -1.15637901853057 0.0281447463494919
NaN NaN NaN NaN -1.07541346252372 -0.108624869069631
NaN NaN NaN NaN -0.987360653647164 -0.226674792004424
NaN NaN NaN NaN -0.894910399385062 -0.327343506053257
NaN NaN NaN NaN -0.80007251258313 -0.412129105610666
NaN NaN NaN NaN -0.704311741362168 -0.482534640004796
NaN NaN NaN NaN -0.608669516821256 -0.539976806086095
NaN NaN NaN NaN -0.513866432238213 -0.585737409017525
NaN NaN NaN NaN -0.420384921577851 -0.620942135377423
NaN NaN NaN NaN -0.328534205306293 -0.646555782316917
NaN NaN NaN NaN -0.238500496266183 -0.663386679247905
NaN NaN NaN NaN -0.150385528546643 -0.672095633454586
NaN NaN NaN NaN -0.0642361671683696 -0.673206512104397
NaN NaN NaN NaN 0.0199325662153944 -0.667116752073094
NaN NaN NaN NaN 0.102119129956319 -0.654106848883586
NaN NaN NaN NaN 0.182320189937375 -0.634348357880705
NaN NaN NaN NaN 0.260517136085787 -0.60791024722663
NaN NaN NaN NaN 0.336663274874031 -0.574763646925414
NaN NaN NaN NaN 0.410670700185126 -0.534785194697674
NaN NaN NaN NaN 0.482395896458049 -0.487759330577207
NaN NaN NaN NaN 0.551623126986433 -0.43338007567313
NaN NaN NaN NaN 0.618044620994312 -0.371253086400196
NaN NaN NaN NaN 0.681236517310002 -0.300899150469684
NaN NaN NaN NaN 0.740629486585513 -0.221760843618718
NaN NaN NaN NaN 0.795473001896582 -0.133214869586545
NaN NaN NaN NaN 0.844792470142318 -0.0345937461391308
NaN NaN NaN NaN 0.88733906138668 0.0747779372811365
NaN NaN NaN NaN 0.921533383983729 0.195525430856878
NaN NaN NaN NaN 0.94540661510044 0.328134212785425
NaN NaN NaN NaN 0.956546962749337 0.472816692875573
NaN NaN NaN NaN 0.952066198100755 0.629321508837076
NaN NaN NaN NaN 0.928611124453023 0.796673030551804
NaN NaN NaN NaN 0.88245808339349 0.972836493496786
NaN NaN NaN NaN 0.809742498509391 1.15432384687147
NaN NaN NaN NaN 0.706882972411825 1.3357930729987
NaN NaN NaN NaN 0.571246551542835 1.50975212485816
NaN NaN NaN NaN 0.402048140775215 1.66654786445092
NaN NaN NaN NaN 0.201366032958774 1.79486555670329
NaN NaN NaN NaN -0.0250012762792473 1.88292149043997
NaN NaN NaN NaN -0.267243835103244 1.92033463089984
NaN NaN NaN NaN -0.512200213791651 1.90031997617905
NaN NaN NaN NaN -0.745075682020644 1.82151223485406
NaN NaN NaN NaN -0.951850496418983 1.68866884804926
NaN NaN NaN NaN -1.12161398687835 1.51187540308011
NaN NaN NaN NaN -1.24804502131898 1.30451958154652
NaN NaN NaN NaN -1.32966381582065 1.08079922973168
NaN NaN NaN NaN -1.36902137350375 0.853583406315931
NaN NaN NaN NaN -1.37133192734574 0.633107769014381
NaN NaN NaN NaN -1.34307056529806 0.426551563700871
NaN NaN NaN NaN -1.29086616882061 0.238259474276661
NaN NaN NaN NaN -1.22079601395717 0.0702967389402441
NaN NaN NaN NaN -1.13803845543484 -0.0769125373327081
NaN NaN NaN NaN -1.04677984488687 -0.204010733067354
NaN NaN NaN NaN -0.950271456542405 -0.312255292375009
NaN NaN NaN NaN -0.850957391296822 -0.403196138441914
NaN NaN NaN NaN -0.750623190936718 -0.478462308638014
NaN NaN NaN NaN -0.650537789971674 -0.539631088466223
NaN NaN NaN NaN -0.551576622169418 -0.588154773108892
NaN NaN NaN NaN -0.454322518702203 -0.625325264813958
NaN NaN NaN NaN -0.35914551995527 -0.6522621064475
NaN NaN NaN NaN -0.266264605269475 -0.669914090019452
NaN NaN NaN NaN -0.175794822428193 -0.679067994862859
NaN NaN NaN NaN -0.087783106613621 -0.680360413820756
NaN NaN NaN NaN -0.00223562846675376 -0.674290241504663
NaN NaN NaN NaN 0.0808609862418319 -0.661230448762477
NaN NaN NaN NaN 0.161522670486422 -0.64143843318861
NaN NaN NaN NaN 0.23975363088887 -0.615064651957984
NaN NaN NaN NaN 0.315533501799376 -0.582159507019842
NaN NaN NaN NaN 0.388804862222467 -0.542678632232678
NaN NaN NaN NaN 0.459460150799641 -0.496486877620732
NaN NaN NaN NaN 0.527327064315826 -0.443361437872669
NaN NaN NaN NaN 0.592151528344561 -0.382994767585053
NaN NaN NaN NaN 0.653577302808741 -0.31499820422954
NaN NaN NaN NaN 0.711121257563084 -0.238907628527239
NaN NaN NaN NaN 0.764143368460649 -0.154193089281207
NaN NaN NaN NaN 0.81181061920534 -0.0602751767636705
NaN NaN NaN NaN 0.853054377888567 0.0434478757935225
NaN NaN NaN NaN 0.886521661882705 0.157556781396148
NaN NaN NaN NaN 0.91052234479426 0.282543880141298
NaN NaN NaN NaN 0.922977287335171 0.418712026768649
NaN NaN NaN NaN 0.921377246947317 0.566027742531416
NaN NaN NaN NaN 0.902769957476834 0.723916027378172
NaN NaN NaN NaN 0.863803390996396 0.890987261033926
NaN NaN NaN NaN 0.800866177928297 1.06469724214666
NaN NaN NaN NaN 0.71037793024902 1.24096508227303
NaN NaN NaN NaN 0.589284111127714 1.41381572119919
NaN NaN NaN NaN 0.435786568701094 1.57517426245419
NaN NaN NaN NaN 0.250272147760682 1.71500282614654
NaN NaN NaN NaN 0.0362773855356548 1.82199534024757
NaN NaN NaN NaN -0.198826963576701 1.88496533079276
NaN NaN NaN NaN -0.443844084777349 1.89482432935751
NaN NaN NaN NaN -0.684772469543951 1.84669570914556
NaN NaN NaN NaN -0.906811702836101 1.74143209728132
NaN NaN NaN NaN -1.09684161949325 1.58586077053489
NaN NaN NaN NaN -1.24555711991582 1.39155501168851
NaN NaN NaN NaN -1.34856229940498 1.17257028944562
NaN NaN NaN NaN -1.40621493190944 0.942974621529258
NaN NaN NaN NaN -1.42253021366934 0.714926358454307
NaN NaN NaN NaN -1.40370052708781 0.497653563159915
NaN NaN NaN NaN -1.35672138934784 0.297275862699057
NaN NaN NaN NaN -1.28838744741464 0.11718408108898
NaN NaN NaN NaN -1.2047067299909 -0.0413322296794114
NaN NaN NaN NaN -1.11065608178978 -0.178434339469924
NaN NaN NaN NaN -1.0101624103433 -0.295180359721967
NaN NaN NaN NaN -0.906206851946704 -0.393106987965919
NaN NaN NaN NaN -0.800979159698647 -0.473940771705418
NaN NaN NaN NaN -0.696038867477825 -0.539413895652391
NaN NaN NaN NaN -0.59246134597731 -0.591156217629021
NaN NaN NaN NaN -0.490960385046321 -0.63063901420831
NaN NaN NaN NaN -0.391986350727578 -0.659151686310408
NaN NaN NaN NaN -0.29580244867514 -0.677798179027821
NaN NaN NaN NaN -0.202542860234427 -0.687504269304525
NaN NaN NaN NaN -0.112256604860625 -0.689030080181122
NaN NaN NaN NaN -0.0249405695116843 -0.682984381505181
NaN NaN NaN NaN 0.0594354214010478 -0.669838686656108
NaN NaN NaN NaN 0.140909175363333 -0.649940079585532
NaN NaN NaN NaN 0.219510490638636 -0.623522282711863
NaN NaN NaN NaN 0.295247822509024 -0.590714831896028
NaN NaN NaN NaN 0.368096042661354 -0.551550449806466
NaN NaN NaN NaN 0.437984257875924 -0.505970866826452
NaN NaN NaN NaN 0.504782761673351 -0.453831476023906
NaN NaN NaN NaN 0.568288242661229 -0.394905363789972
NaN NaN NaN NaN 0.628206383145149 -0.328887466678355
NaN NaN NaN NaN 0.684130973267268 -0.255399907134565
NaN NaN NaN NaN 0.735518672652346 -0.174000003205784
NaN NaN NaN NaN 0.781658627203767 -0.0841930874061637
NaN NaN NaN NaN 0.82163638318712 0.014546825080755
NaN NaN NaN NaN 0.854292082321755 0.122744240135292
NaN NaN NaN NaN 0.878174007438642 0.240871364627972
NaN NaN NaN NaN 0.891490539953187 0.369271407901237
NaN NaN NaN NaN 0.892067000088365 0.508046084583767
NaN NaN NaN NaN 0.877319307903351 0.656895872810882
NaN NaN NaN NaN 0.844264532035851 0.81490199516175
NaN NaN NaN NaN 0.789599282554215 0.980244040930152
NaN NaN NaN NaN 0.709889121658303 1.14986078729909
NaN NaN NaN NaN 0.60192096575516 1.31908943392852
NaN NaN NaN NaN 0.463265556280436 1.4813642574654
NaN NaN NaN NaN 0.293061842753637 1.62811631704048
NaN NaN NaN NaN 0.0929515727945285 1.74907014194984
NaN NaN NaN NaN -0.132041900108174 1.83313334993524
NaN NaN NaN NaN -0.373040168746913 1.86995566113792
NaN NaN NaN NaN -0.617641521088944 1.85196168726114
NaN NaN NaN NaN -0.85129129066004 1.77631592601702
NaN NaN NaN NaN -1.05951709005646 1.64607771244617
NaN NaN NaN NaN -1.23039289549606 1.46997893655795
NaN NaN NaN NaN -1.35640019503733 1.26080775205412
NaN NaN NaN NaN -1.43510689983096 1.03298663704013
NaN NaN NaN NaN -1.46862640767715 0.80019847619245
NaN NaN NaN NaN -1.46228663325647 0.573720737188476
NaN NaN NaN NaN -1.4230889440117 0.361691824209577
NaN NaN NaN NaN -1.35839786916387 0.169157983203669
NaN NaN NaN NaN -1.27505614005026 -0.00141556300324941
NaN NaN NaN NaN -1.17892039410089 -0.1494670874997
NaN NaN NaN NaN -1.07471387187127 -0.275690801258261
NaN NaN NaN NaN -0.966074325412307 -0.381511782993736
NaN NaN NaN NaN -0.855698306134957 -0.468704379247293
NaN NaN NaN NaN -0.745516467199198 -0.539138045397271
NaN NaN NaN NaN -0.636863331875569 -0.594621659516869
NaN NaN NaN NaN -0.530624842705113 -0.6368173296047
NaN NaN NaN NaN -0.427358781511592 -0.66719992766909
NaN NaN NaN NaN -0.327389207234216 -0.687044836525962
NaN NaN NaN NaN -0.230878618840411 -0.69743187945778
NaN NaN NaN NaN -0.137882209980524 -0.699257600923754
NaN NaN NaN NaN -0.0483883347726301 -0.693251036387647
NaN NaN NaN NaN 0.0376512911103364 -0.679990102159574
NaN NaN NaN NaN 0.120298788251558 -0.659917021940272
NaN NaN NaN NaN 0.199612437859428 -0.633352011201525
NaN NaN NaN NaN 0.275632343443176 -0.600504932748222
NaN NaN NaN NaN 0.348368007585651 -0.561484936636527
NaN NaN NaN NaN 0.417786663758152 -0.516308288137574
NaN NaN NaN NaN 0.483801377150207 -0.464904726912663
NaN NaN NaN NaN 0.546258032176949 -0.407122832356914
NaN NaN NaN NaN 0.604920375761315 -0.342735030353296
NaN NaN NaN NaN 0.659452304873865 -0.271443100570196
NaN NaN NaN NaN 0.709396600604412 -0.192885369853378
NaN NaN NaN NaN 0.754149358866578 -0.106647252579288
NaN NaN NaN NaN 0.792929513349655 -0.0122774784534916
NaN NaN NaN NaN 0.824743193523165 0.0906867062804944
NaN NaN NaN NaN 0.848343376923733 0.202680811701307
NaN NaN NaN NaN 0.862186641584291 0.324054694346688
NaN NaN NaN NaN 0.864391186284732 0.454986457321274
NaN NaN NaN NaN 0.852704183625901 0.595358890170902
NaN NaN NaN NaN 0.824492561286254 0.74458781236069
NaN NaN NaN NaN 0.776779912383337 0.901393352047105
NaN NaN NaN NaN 0.706363113535549 1.06351227110608
NaN NaN NaN NaN 0.610053147198273 1.22736624812041
NaN NaN NaN NaN 0.485089550082626 1.38773251530627
NaN NaN NaN NaN 0.329765066758517 1.53751186833307
NaN NaN NaN NaN 0.144249350866223 1.6677476658145
NaN NaN NaN NaN -0.0684968639921144 1.7680908519686
NaN NaN NaN NaN -0.301965191731448 1.82787755567272
NaN NaN NaN NaN -0.545872651063007 1.83782723014881
NaN NaN NaN NaN -0.786831481015049 1.7920714494868
NaN NaN NaN NaN -1.01004224190426 1.68990230667006
NaN NaN NaN NaN -1.20168934980678 1.53652041127044
NaN NaN NaN NaN -1.35130355350163 1.34235236088039
NaN NaN NaN NaN -1.45328623013478 1.12110692679404
NaN NaN NaN NaN -1.5071605870675 0.887277350096388
NaN NaN NaN NaN -1.51667972838919 0.653928896693403
NaN NaN NaN NaN -1.48831605720663 0.431317516431508
NaN NaN NaN NaN -1.42970839558622 0.226436937251993
NaN NaN NaN NaN -1.34844523682188 0.0432663693660871
NaN NaN NaN NaN -1.2513096462962 -0.116613657676548
NaN NaN NaN NaN -1.14393485360108 -0.253314707890337
NaN NaN NaN NaN -1.03074709750606 -0.368008847899751
NaN NaN NaN NaN -0.915072054029813 -0.46243906696567
NaN NaN NaN NaN -0.799312242520646 -0.538576669459638
NaN NaN NaN NaN -0.685138006364545 -0.598401712273813
NaN NaN NaN NaN -0.573662300385305 -0.643774830908969
NaN NaN NaN NaN -0.465587430148727 -0.676371497327688
NaN NaN NaN NaN -0.361321908496655 -0.697656069818305
NaN NaN NaN NaN -0.261070367856096 -0.708879496100847
NaN NaN NaN NaN -0.164901190612933 -0.711089886468429
NaN NaN NaN NaN -0.0727966765473391 -0.705149122668733
NaN NaN NaN NaN 0.0153099626168946 -0.691751386825939
NaN NaN NaN NaN 0.0995072329596953 -0.671441277887155
NaN NaN NaN NaN 0.17988479031179 -0.644630309590576
NaN NaN NaN NaN 0.256517471355784 -0.611611274263851
NaN NaN NaN NaN 0.329452208012945 -0.572570370884554
NaN NaN NaN NaN 0.398696470867624 -0.527597244875157
NaN NaN NaN NaN 0.464207141346461 -0.476693247157972
NaN NaN NaN NaN 0.5258788793809 -0.419778344336883
NaN NaN NaN NaN 0.583531153827195 -0.356697240574713
NaN NaN NaN NaN 0.636893157605324 -0.28722543902354
NaN NaN NaN NaN 0.685585861735717 -0.211076210577151
NaN NaN NaN NaN 0.729100503294366 -0.127909788414297
NaN NaN NaN NaN 0.766772898380879 -0.0373466133795487
NaN NaN NaN NaN 0.797753196465494 0.0610128301515598
NaN NaN NaN NaN 0.820971165542543 0.167558071939302
NaN NaN NaN NaN 0.835098005132863 0.282623814876221
NaN NaN NaN NaN 0.838507309335039 0.406423844494214
NaN NaN NaN NaN 0.829240547427237 0.538955652122368
NaN NaN NaN NaN 0.804986809458817 0.67986636501562
NaN NaN NaN NaN 0.763093105243896 0.828270505627484
NaN NaN NaN NaN 0.700630433524308 0.982513203359612
NaN NaN NaN NaN 0.614551364439004 1.13988187334932
NaN NaN NaN NaN 0.501983871783953 1.29628940347086
NaN NaN NaN NaN 0.360706250066236 1.44598686554704
NaN NaN NaN NaN 0.189826093781732 1.58141401416304
NaN NaN NaN NaN -0.00937432572533231 1.69334984708933
NaN NaN NaN NaN -0.232573414966064 1.77155027006722
NaN NaN NaN NaN -0.471812376088952 1.80599990930999
NaN NaN NaN NaN -0.71554507778797 1.78870950528564
NaN NaN NaN NaN -0.949649245906173 1.71567820651115
NaN NaN NaN NaN -1.15940246511985 1.58836213021236
NaN NaN NaN NaN -1.33196043554452 1.41398493937073
NaN NaN NaN NaN -1.458534427424 1.2044198216855
NaN NaN NaN NaN -1.53552924783111 0.973989210866942
NaN NaN NaN NaN -1.56437044888693 0.736972888085396
NaN NaN NaN NaN -1.55030613696552 0.505613025258075
NaN NaN NaN NaN -1.50077350115812 0.289033820552806
NaN NaN NaN NaN -1.42387885321826 0.0930550717290749
NaN NaN NaN NaN -1.32729824248691 -0.0793867032874722
NaN NaN NaN NaN -1.21765819936479 -0.227544172012425
NaN NaN NaN NaN -1.10030679220596 -0.352142614214575
NaN NaN NaN NaN -0.979338292741417 -0.454775358653214
NaN NaN NaN NaN -0.85774976850923 -0.53745469516544
NaN NaN NaN NaN -0.73764485337246 -0.602309554985726
NaN NaN NaN NaN -0.620435560083649 -0.651399956276696
NaN NaN NaN NaN -0.507018875550189 -0.686615011896522
NaN NaN NaN NaN -0.397920690973489 -0.709626175224393
NaN NaN NaN NaN -0.293407920026627 -0.721874486165592
NaN NaN NaN NaN -0.193573239721132 -0.724577145793104
NaN NaN NaN NaN -0.0983978663936058 -0.718743887169346
NaN NaN NaN NaN -0.00779750419683952 -0.705197274703026
NaN NaN NaN NaN 0.0783441572762569 -0.684593522881071
NaN NaN NaN NaN 0.160150874441268 -0.657442001301749
NaN NaN NaN NaN 0.237735462317901 -0.624122566660548
NaN NaN NaN NaN 0.31118547238148 -0.584900445563401
NaN NaN NaN NaN 0.380551303710776 -0.539938734349848
NaN NaN NaN NaN 0.445835467720477 -0.489308785497697
NaN NaN NaN NaN 0.506981970808522 -0.432998883806973
NaN NaN NaN NaN 0.563864939063266 -0.370921727854134
NaN NaN NaN NaN 0.6162757076439 -0.302921360097514
NaN NaN NaN NaN 0.663907657654016 -0.228780364818702
NaN NaN NaN NaN 0.7063381320041 -0.148228409649056
NaN NaN NaN NaN 0.743006834971431 -0.0609535807970913
NaN NaN NaN NaN 0.763559925234411 -1.8701206719324E-15
